xmin = 1052353.72956
xmax = 1052592.48956
ymin = 6841006.49397
ymax = 6840777.25897