src/main/resources/fr/ign/cogit/simplu3d/data2/Merged.asc
ncols        401
nrows        401
xllcorner    1039975.000000000000
yllcorner    6829975.000000000000
cellsize     50.000000000000
NODATA_value      -9999
[rows 0 to 38 of 401, columns 0 to 88 of 401]
177 176 175 174 173 173 172 170 169 169 169 168 168 167 166 165 165 164 163 161 160 159 159 160 162 166 168 169 169 169 169 168 168 167 167 166 165 165 164 164 164 163 162 161 160 159 158 158 159 162 164 166 166 167 167 167 168 170 171 172 173 174 174 174 175 176 177 178 179 180 180 181 181 181 180 179 180 181 181 181 181 182 182 182 182 182 182 182 182
178 177 176 174 173 173 172 171 170 169 169 168 168 167 166 165 164 163 162 160 159 159 159 159 161 163 165 165 165 165 164 164 164 164 164 163 163 162 161 161 161 161 160 160 159 158 157 157 158 159 162 163 163 163 163 163 165 167 169 170 170 171 171 171 171 172 174 175 177 177 178 179 180 180 178 176 178 179 179 180 181 181 181 181 181 181 182 182 183
178 177 176 175 174 173 172 171 170 170 169 168 168 167 166 165 164 163 162 160 159 159 159 159 160 160 161 161 161 160 160 160 160 160 160 160 159 159 159 159 159 159 159 158 158 157 157 157 157 157 158 160 160 160 158 159 161 163 165 166 167 167 167 168 168 169 170 172 173 175 175 176 178 177 175 174 175 175 177 180 181 181 181 180 180 180 181 182 182
179 179 178 176 175 174 173 172 171 170 170 169 168 167 167 166 165 164 163 161 160 159 159 159 159 159 159 159 159 158 159 158 158 158 158 158 158 157 157 157 157 157 158 157 157 157 157 156 156 156 156 156 156 155 155 155 156 158 160 161 163 163 164 165 166 167 168 169 170 171 171 173 174 173 172 171 172 174 177 180 181 181 181 180 180 179 180 181 181
182 180 179 178 177 176 175 174 173 172 171 170 169 168 167 167 166 165 164 163 162 161 160 160 160 159 159 159 159 159 159 158 158 158 158 158 157 157 156 157 157 157 157 157 157 157 157 156 156 156 156 155 155 155 154 154 154 155 156 157 158 159 160 161 163 165 166 166 167 167 168 169 170 169 168 169 170 173 175 177 179 180 180 181 181 180 179 180 181
185 183 182 180 179 178 177 175 174 173 172 171 169 169 168 168 167 166 166 165 163 162 162 161 161 160 160 160 161 161 161 160 160 159 159 158 157 157 157 157 157 157 157 157 157 157 157 157 157 157 157 157 157 156 156 155 155 154 154 155 155 156 156 158 159 161 163 164 164 164 164 165 165 165 164 167 170 172 173 174 176 176 177 179 180 180 177 176 177
188 186 184 182 181 180 179 177 176 174 173 172 170 170 169 169 168 168 167 166 165 165 164 163 163 163 163 164 164 164 165 164 163 162 160 159 158 157 157 158 158 159 159 158 158 158 159 159 159 159 159 160 160 159 159 158 157 157 155 155 155 154 154 154 155 157 159 160 161 162 162 162 161 161 162 165 169 171 172 173 173 173 174 174 176 177 176 173 173
190 188 186 184 183 182 181 179 178 176 174 173 172 171 170 170 169 169 169 168 168 167 167 166 166 166 166 167 167 167 167 167 167 166 164 160 159 159 159 160 161 161 161 160 160 160 161 161 162 162 163 163 163 163 162 161 161 161 160 158 156 155 154 153 152 152 154 156 158 159 159 159 158 158 161 164 166 169 171 172 172 172 172 173 174 174 174 170 170
191 190 188 185 184 183 182 181 179 177 176 174 173 172 172 171 171 171 170 170 170 170 170 169 169 169 169 169 169 169 169 169 169 168 166 162 160 161 163 164 165 164 163 162 162 163 163 164 165 166 166 166 166 166 165 164 163 163 162 161 158 157 156 154 151 149 149 151 154 156 156 155 154 156 159 161 164 166 168 169 169 170 171 172 173 173 171 167 164
191 190 188 186 184 183 182 181 180 179 177 176 175 174 173 172 172 172 172 173 173 173 173 172 172 172 172 172 172 172 172 172 171 170 167 163 163 167 169 169 168 167 166 165 165 165 166 167 167 168 168 168 168 168 167 166 164 164 163 161 159 157 156 154 151 149 148 149 150 152 153 152 151 153 156 159 161 163 164 164 164 165 167 171 172 170 166 161 159
190 189 187 186 184 184 183 182 180 179 178 177 176 175 174 173 173 173 174 175 175 175 175 175 175 174 175 175 175 176 176 175 174 172 170 166 167 170 171 171 170 169 168 168 167 168 168 169 169 169 170 170 170 169 168 167 165 164 163 161 159 157 155 153 152 150 149 148 149 150 150 149 149 150 153 155 158 159 160 159 159 159 161 165 168 166 162 158 157
189 188 186 185 184 183 182 181 180 179 178 177 176 175 174 173 173 174 175 176 177 177 177 177 177 177 178 178 178 178 178 178 177 176 173 170 171 171 171 171 171 171 170 170 169 170 170 170 170 170 171 171 171 170 169 167 165 164 162 161 158 155 154 153 152 151 150 150 150 149 149 149 149 149 150 151 153 155 156 156 156 155 156 158 160 161 159 156 155
187 186 185 184 183 182 182 181 180 179 178 177 176 175 174 174 174 174 176 177 177 178 178 178 178 179 180 180 180 180 180 179 179 178 175 173 172 172 172 171 171 171 171 170 170 170 171 171 171 171 171 171 171 171 169 167 165 163 161 159 157 154 154 154 154 154 154 154 154 153 152 151 150 150 149 149 149 150 151 152 152 152 153 156 157 158 157 155 153
185 184 184 183 182 181 181 180 179 178 177 176 175 175 174 174 174 175 176 176 177 177 178 178 179 180 180 181 181 181 181 181 180 179 178 176 174 173 173 172 172 171 171 171 171 171 171 171 171 171 171 171 171 171 170 167 164 162 160 159 157 155 156 158 158 158 158 159 158 158 158 157 156 155 153 151 149 148 149 149 150 150 151 153 155 155 155 154 152
183 182 182 181 180 179 179 178 177 177 176 175 175 174 174 173 174 174 175 175 176 177 177 178 178 179 180 180 181 181 181 181 181 181 180 178 176 175 175 174 173 172 171 171 171 171 172 172 172 172 171 171 171 171 170 167 164 161 159 159 158 157 159 161 162 162 162 162 163 163 163 163 162 161 158 155 151 149 149 149 149 149 149 151 151 152 152 151 150
179 178 178 177 177 177 177 176 176 175 174 174 173 173 173 173 173 174 174 175 175 175 176 176 177 178 179 179 179 180 180 180 181 181 181 180 178 177 176 175 174 174 173 173 172 172 172 172 172 172 172 171 171 171 170 167 164 162 161 161 160 159 160 164 165 165 165 166 167 167 167 167 166 164 161 158 155 153 152 151 150 149 149 149 149 149 150 149 149
174 175 175 174 174 175 175 175 174 173 172 172 171 172 172 172 172 173 173 174 174 174 175 175 176 176 177 177 178 178 179 179 180 180 180 179 178 177 177 176 176 175 175 175 174 174 173 173 173 173 172 172 171 171 170 168 166 165 164 164 163 161 161 165 167 167 167 168 170 170 170 170 169 166 163 160 158 157 156 155 152 150 149 148 148 149 149 148 148
171 171 172 172 172 173 173 172 172 171 170 169 169 169 170 171 171 171 172 173 173 174 174 174 174 175 175 175 176 176 176 177 178 179 178 178 178 177 177 176 176 176 176 176 176 175 175 174 174 173 173 172 171 171 171 170 169 169 168 168 167 164 163 166 169 169 169 170 171 171 171 172 171 169 166 163 161 159 157 156 154 151 149 150 150 150 150 149 148
165 166 166 167 168 168 169 169 168 167 166 165 165 165 166 167 169 170 171 171 172 173 173 173 173 174 174 174 174 174 175 175 176 176 176 176 177 176 176 176 176 176 176 176 176 176 175 175 174 174 173 172 172 172 171 171 171 171 171 170 169 167 167 169 170 170 171 171 171 172 172 172 172 171 168 166 163 159 157 155 154 152 151 153 154 154 153 151 148
158 159 159 160 161 162 163 163 163 162 161 161 160 160 161 163 165 166 168 169 170 171 171 171 172 172 172 172 172 173 173 173 174 174 175 175 175 175 175 175 175 175 175 175 175 175 175 174 174 174 174 173 173 172 172 172 172 172 171 171 171 170 170 171 171 171 171 171 171 172 172 172 172 171 169 167 162 159 157 155 155 155 156 157 158 158 157 154 151
154 154 153 154 154 156 156 157 157 157 157 156 156 156 157 159 161 162 164 165 166 167 167 168 168 169 169 169 170 171 172 172 173 173 173 173 174 174 174 174 174 174 175 175 175 174 174 174 174 174 174 173 173 173 173 173 173 172 172 172 171 171 171 171 171 172 172 171 171 171 172 172 172 171 169 166 162 159 158 158 158 158 159 161 161 161 159 157 154
154 153 153 153 153 153 153 153 153 154 154 154 154 153 154 155 156 158 159 160 161 162 163 164 164 165 165 165 166 168 169 170 171 171 172 172 172 172 173 173 173 173 173 174 174 174 174 174 174 174 174 173 173 173 173 173 173 173 172 172 172 171 171 171 172 172 171 171 171 171 171 171 171 171 169 166 162 160 161 162 162 162 163 164 164 164 162 159 157
155 154 153 153 153 153 153 153 153 153 153 153 153 153 153 153 153 154 154 155 157 158 159 159 160 160 161 161 162 163 165 167 169 169 170 170 170 171 171 171 171 171 172 172 173 173 173 173 173 173 173 173 172 172 173 173 173 173 172 172 172 172 172 172 172 172 171 171 171 171 171 171 171 171 169 166 164 164 165 166 166 166 166 166 166 166 164 162 160
157 156 154 153 153 153 153 153 153 153 153 153 153 153 153 153 153 153 153 153 153 154 155 155 155 155 156 156 157 158 161 163 165 166 167 168 168 168 168 168 169 169 170 171 172 172 172 173 173 173 173 172 172 172 172 172 172 172 172 172 172 172 172 172 172 172 171 171 171 171 171 171 171 171 170 168 167 168 170 170 169 169 168 168 168 167 166 165 164
160 158 155 153 153 153 153 153 153 153 153 153 153 153 153 153 153 153 153 153 153 153 153 154 153 153 153 153 153 153 155 157 159 161 163 164 165 164 164 164 165 165 166 168 170 171 171 172 172 172 172 172 172 172 172 172 172 172 172 172 172 172 172 172 172 172 171 171 171 171 171 171 171 171 170 169 170 171 172 172 171 170 170 169 168 167 166 166 164
161 158 155 154 153 153 154 153 153 153 154 153 153 153 153 153 153 153 153 153 153 153 153 153 153 153 153 153 153 153 153 153 154 155 156 158 158 157 157 157 158 160 162 164 167 168 169 170 171 171 171 172 172 172 172 172 171 172 172 172 172 172 172 172 172 172 172 171 171 171 171 171 171 171 171 171 172 172 172 172 171 171 170 169 168 167 165 164 162
161 157 155 155 155 156 156 155 155 155 155 154 154 154 154 155 155 155 154 153 153 153 153 153 153 153 153 153 152 152 151 151 151 152 153 153 153 152 150 149 150 153 155 159 162 163 164 165 166 168 170 171 172 172 172 172 171 171 171 172 172 172 172 172 172 172 171 171 172 172 172 171 171 171 171 171 172 172 172 172 171 170 169 168 167 166 163 161 160
160 157 156 157 157 158 158 158 158 158 157 157 157 158 158 158 158 158 157 155 155 154 153 153 153 153 153 153 153 153 152 152 152 152 152 152 152 151 149 148 148 148 150 152 155 156 157 156 157 163 167 170 171 171 171 171 171 171 171 171 171 171 171 171 171 171 171 171 172 172 172 172 171 171 171 171 171 171 171 170 170 169 168 167 166 164 161 159 158
159 158 159 160 161 161 162 162 161 161 161 161 161 162 162 162 162 161 161 159 156 155 154 154 154 154 155 156 156 155 155 154 153 153 153 153 153 152 151 150 149 149 148 149 150 150 150 150 152 158 163 167 170 170 170 170 170 171 171 171 171 171 171 171 171 171 171 171 171 172 171 171 171 171 171 170 169 169 169 169 168 167 165 164 163 161 159 158 157
162 162 163 163 164 165 165 165 165 165 165 164 164 165 165 164 164 163 163 161 160 157 155 154 155 156 157 158 158 157 157 156 155 155 155 155 155 155 155 153 151 150 150 149 150 150 150 149 150 154 160 164 167 168 167 167 168 169 171 171 171 171 171 171 170 170 170 170 170 170 170 170 170 170 169 168 167 166 166 166 165 164 161 160 160 159 158 156 155
166 166 166 166 167 167 167 167 168 167 167 167 167 167 167 166 166 165 164 163 161 159 156 155 156 158 159 159 159 159 158 157 157 157 157 157 158 158 157 157 155 153 151 151 151 151 151 150 149 150 154 159 162 164 163 163 164 166 168 168 169 169 169 170 169 168 168 167 167 167 167 167 167 167 167 166 165 164 163 163 162 160 159 158 157 157 156 154 153
169 169 168 168 168 168 168 169 169 169 168 168 168 168 168 167 167 166 165 164 162 161 157 156 158 160 161 161 161 160 159 159 158 159 159 160 160 160 160 159 157 155 154 154 154 153 152 151 150 149 150 152 154 156 155 155 157 160 163 163 165 166 167 168 167 166 164 164 163 163 162 162 162 163 164 164 162 161 160 160 159 158 156 155 154 154 153 151 150
172 171 170 170 170 169 169 169 169 169 169 169 169 168 168 168 167 166 165 164 163 161 159 158 160 161 162 162 162 161 161 160 160 160 161 161 162 162 161 160 159 157 156 156 156 155 154 153 152 150 150 149 148 149 149 149 151 154 157 158 159 162 164 164 163 162 160 159 159 158 157 156 156 157 160 161 159 157 157 157 156 154 153 151 150 150 150 149 149
173 173 172 171 171 170 170 170 170 170 170 169 169 169 168 168 167 166 166 165 163 162 160 160 161 163 163 164 163 163 162 162 162 162 162 163 163 163 162 161 160 159 158 158 157 157 156 155 154 153 151 150 149 148 148 148 148 150 152 154 156 158 159 160 159 157 156 154 154 153 152 151 150 150 153 155 154 152 152 152 151 151 150 149 149 149 150 150 149
174 173 173 173 172 172 171 171 171 171 170 170 169 169 168 168 167 166 166 165 163 162 162 162 163 164 165 165 165 164 164 163 163 164 164 165 164 164 163 162 161 160 159 159 158 158 158 157 156 155 154 153 152 150 149 149 148 148 148 148 150 153 155 155 154 153 151 150 150 150 149 149 148 148 148 149 150 149 149 149 149 149 149 150 151 153 154 154 152
174 174 174 173 173 173 172 172 172 171 171 171 170 169 168 168 167 166 165 164 164 163 163 164 165 167 167 167 167 166 166 165 165 166 166 166 166 165 164 163 162 161 160 160 160 159 159 159 158 158 157 157 156 155 153 150 148 148 148 148 148 149 150 151 150 149 149 149 149 149 149 149 149 149 148 148 149 149 149 149 150 150 151 153 156 158 159 159 157
175 175 175 174 174 173 173 173 172 172 171 171 170 169 168 168 167 166 165 164 164 164 165 166 168 169 169 169 169 168 168 168 168 168 168 168 168 167 165 164 163 162 161 161 161 161 161 160 160 160 159 159 158 157 156 153 150 149 148 148 148 148 149 149 148 148 149 149 150 150 150 151 153 153 149 149 150 151 152 152 153 153 154 157 160 162 162 162 161
176 176 176 176 175 174 174 173 173 172 172 171 170 169 168 168 167 167 166 165 165 166 167 169 170 170 171 171 171 170 170 170 169 169 170 170 169 169 167 166 164 164 163 163 163 162 162 162 162 162 161 161 159 159 158 156 154 151 150 150 150 149 149 149 149 150 150 151 151 152 153 154 157 157 152 151 152 154 156 158 158 158 159 161 164 164 164 164 163
176 176 176 176 176 175 174 174 173 172 172 171 170 169 169 168 168 167 167 166 167 168 170 171 171 172 172 172 172 172 171 171 171 171 171 171 171 170 169 168 166 165 165 165 164 164 164 164 163 163 163 162 161 160 159 158 157 156 155 154 152 150 150 150 151 152 152 153 155 155 157 159 161 158 155 155 154 158 161 162 163 164 164 165 166 165 165 164 164
