src/main/resources/fr/ign/cogit/simplu3d/data2/Merged.asc
ncols        401
nrows        401
xllcorner    1039975.000000000000
yllcorner    6829975.000000000000
cellsize     50.000000000000
NODATA_value      -9999
[rows 312 to 350 of 401, columns 0 to 88 of 401]
159 159 159 159 159 159 159 159 159 159 158 158 158 157 156 155 154 153 153 154 154 154 154 154 154 154 154 154 154 154 154 154 153 153 152 151 151 151 151 150 149 148 148 147 147 147 147 147 148 148 149 149 150 150 150 149 149 149 149 149 149 148 148 148 148 148 148 148 148 147 147 147 147 147 147 147 147 147 146 146 146 146 146 146 146 146 146 146 146
158 158 158 158 158 159 159 159 159 159 158 158 157 156 155 154 153 153 153 153 154 154 154 154 154 154 154 154 154 155 155 154 154 153 152 150 150 149 149 149 148 148 148 147 147 147 147 148 148 149 149 150 150 150 149 149 149 149 149 149 149 148 148 148 148 148 148 147 147 147 147 147 147 147 147 147 147 146 146 146 146 146 146 146 146 146 146 146 146
158 158 158 158 158 159 159 159 159 158 158 158 157 156 154 153 153 152 152 153 153 154 154 154 154 154 154 154 154 154 154 154 154 153 151 149 149 148 148 147 148 148 148 147 147 147 148 148 149 149 149 150 150 149 149 149 149 149 149 149 149 149 148 148 148 148 147 147 147 147 147 147 147 147 147 147 146 146 146 146 146 146 146 146 146 146 146 146 146
158 158 158 158 158 159 159 159 159 158 158 157 156 155 153 152 152 152 152 153 154 154 154 154 154 154 154 153 153 154 154 153 153 152 150 148 148 148 147 147 147 148 148 148 148 148 148 149 149 150 150 150 149 149 149 149 149 149 149 149 149 149 148 148 148 148 147 147 147 147 147 147 147 147 147 146 146 146 146 146 146 146 146 146 146 146 146 146 146
158 158 158 158 158 158 159 159 158 158 157 156 155 154 153 152 151 151 152 152 153 154 154 154 153 153 153 153 152 152 152 152 151 150 149 148 148 148 147 147 148 148 148 148 148 149 149 149 150 150 150 149 149 149 149 149 149 149 149 149 149 149 148 148 148 147 147 147 147 147 147 147 147 147 147 146 146 146 146 146 146 146 146 146 146 146 146 146 146
158 158 158 158 158 158 158 158 158 157 156 155 154 153 152 152 151 151 151 152 153 153 153 153 152 152 152 151 151 150 150 149 149 148 148 147 147 147 148 148 148 148 148 149 149 149 149 149 150 149 149 149 149 149 149 149 149 149 149 149 149 149 148 148 147 147 147 147 147 148 148 148 148 147 147 147 146 146 146 146 146 146 146 146 146 146 146 146 146
158 158 158 158 157 157 157 157 157 156 155 154 153 152 152 152 151 151 151 151 152 152 152 152 151 151 150 149 149 148 148 148 148 147 147 147 147 148 148 148 148 148 149 149 149 149 149 149 149 149 149 149 149 149 149 149 149 149 149 149 149 149 148 148 147 147 147 147 148 148 148 148 148 148 147 147 147 146 146 146 146 146 146 146 146 146 146 145 146
157 158 158 157 157 156 155 155 155 155 155 154 153 152 152 152 152 152 151 151 150 150 150 150 150 149 149 148 147 147 147 147 147 147 147 147 148 148 148 148 149 149 149 149 149 149 149 149 149 149 149 149 149 149 149 149 149 149 149 149 149 149 148 148 147 147 147 147 148 148 148 148 148 148 148 147 147 146 146 146 146 146 146 146 146 146 146 145 146
158 157 157 157 157 156 155 155 155 155 154 154 153 153 153 152 153 152 151 150 149 149 149 149 149 149 148 147 147 147 146 146 147 147 147 148 148 148 149 149 149 149 149 149 149 149 149 149 149 149 149 149 149 149 149 149 149 149 149 149 149 149 148 148 147 147 147 147 148 148 148 148 148 148 148 147 147 146 146 146 146 146 146 146 146 146 146 146 146
161 160 159 159 159 159 157 157 156 155 154 154 154 154 153 153 153 153 152 150 149 149 148 149 149 148 148 147 147 146 146 147 147 147 148 148 148 149 149 149 149 149 149 149 149 149 149 149 149 149 149 149 149 149 149 149 149 149 149 149 149 149 148 148 147 147 147 148 148 148 148 148 148 148 147 147 147 147 146 146 146 146 146 146 146 146 146 146 146
163 162 162 162 161 161 160 159 158 156 155 155 155 155 154 154 154 153 151 150 149 148 148 148 148 148 147 147 147 147 147 147 147 148 148 148 149 149 149 149 149 149 149 149 149 148 148 148 148 149 149 149 149 149 149 149 149 149 149 149 149 148 148 148 148 148 148 148 148 147 148 148 148 147 147 147 147 146 146 146 146 146 145 145 145 146 146 146 146
165 165 165 165 164 164 163 162 161 159 157 156 156 156 155 155 154 152 150 149 149 148 148 148 148 148 147 147 147 147 147 147 148 148 148 149 149 149 149 149 149 149 148 148 148 148 148 148 148 148 148 148 148 148 149 149 149 149 149 149 149 148 148 148 148 148 147 147 147 147 147 148 148 147 147 147 147 146 146 146 146 145 145 145 145 145 146 146 146
169 169 169 168 168 167 166 164 163 161 160 158 157 157 156 155 153 151 150 149 148 148 148 148 148 148 147 147 147 147 147 148 148 148 149 149 149 149 149 148 148 148 148 148 148 148 148 148 148 148 148 148 148 148 149 149 149 149 149 149 149 148 148 148 147 147 147 147 147 147 147 148 148 147 147 147 147 146 146 146 146 145 145 145 145 145 146 146 146
173 172 172 172 171 170 169 166 164 163 162 160 159 158 157 155 152 150 149 149 148 148 148 148 148 148 147 147 147 147 148 148 148 149 149 149 149 148 148 148 148 148 148 148 148 148 148 148 148 148 148 148 148 148 148 149 149 149 149 149 149 148 148 148 147 147 147 147 148 147 148 148 148 148 147 147 147 146 146 146 146 145 145 145 145 146 146 146 146
175 175 175 174 174 173 170 169 166 164 163 161 160 157 156 153 151 149 149 148 148 148 148 148 148 148 148 147 148 148 148 148 148 149 149 148 148 148 148 148 148 148 148 148 147 147 147 147 147 148 148 148 148 148 148 148 149 149 149 149 149 148 148 147 147 147 148 148 148 148 148 148 148 147 147 147 147 146 146 146 146 146 145 145 145 145 145 145 145
179 178 177 177 177 174 173 172 171 168 165 163 160 156 153 151 149 149 148 148 148 148 148 148 147 148 148 148 148 148 148 148 148 148 148 148 148 148 148 148 148 147 147 147 147 147 147 147 147 147 147 148 148 148 148 148 149 149 149 149 148 148 148 147 147 148 148 148 148 147 148 148 147 147 147 147 147 146 146 146 146 146 145 145 145 145 145 145 145
181 181 180 180 179 177 176 175 173 171 167 163 158 153 151 149 148 148 148 147 147 147 147 147 147 147 148 148 148 148 148 148 148 148 148 148 148 148 148 147 147 147 147 147 147 147 147 147 147 147 147 147 148 148 148 148 149 149 149 149 148 148 148 147 147 147 147 147 147 147 147 147 147 147 147 147 147 147 146 146 146 146 145 145 145 144 144 144 144
184 184 183 183 181 181 179 177 174 172 167 160 154 150 149 148 148 147 147 147 147 147 147 147 147 147 147 148 148 148 148 148 148 148 148 148 148 148 147 147 147 147 147 147 147 147 147 147 147 147 147 147 148 148 148 148 148 149 149 148 148 148 148 148 147 147 147 147 147 147 147 147 147 147 147 147 147 147 147 146 146 146 145 145 145 144 144 144 144
186 186 186 186 185 183 180 174 170 169 165 157 150 148 148 148 147 147 147 147 147 147 147 147 147 147 147 147 147 148 148 148 148 148 148 148 148 148 147 147 147 147 147 147 147 147 147 147 147 147 147 147 147 148 148 148 148 148 148 148 148 148 148 148 148 147 147 147 147 147 147 147 147 147 147 147 147 147 147 147 146 146 146 146 145 145 145 145 145
189 189 188 188 186 183 178 171 165 163 158 153 149 148 148 148 147 147 147 147 147 147 147 147 147 147 147 147 147 147 147 148 148 148 148 148 148 147 147 147 147 147 147 147 147 147 147 147 147 147 147 147 147 147 147 148 148 148 148 148 148 148 148 148 148 147 147 147 147 147 147 147 147 147 147 147 147 147 147 147 147 147 147 147 146 146 146 146 147
192 191 191 189 185 182 177 168 163 159 155 152 149 148 148 147 147 147 147 147 147 147 147 147 147 147 147 147 147 147 147 147 147 147 147 147 147 147 147 147 147 147 147 147 147 147 147 147 147 147 147 147 147 147 147 147 147 148 148 148 148 148 148 148 148 147 147 147 147 147 147 147 148 148 148 148 147 147 147 147 147 147 147 147 147 147 147 148 148
194 193 191 187 182 178 174 167 161 157 154 151 150 149 148 147 147 147 147 147 147 147 147 147 147 147 147 147 147 147 147 147 147 147 147 147 147 147 147 147 147 147 147 147 147 147 147 147 147 147 147 147 147 147 147 147 147 147 147 148 148 148 148 148 148 148 147 147 147 147 148 148 148 148 148 148 148 148 148 148 148 148 148 148 148 148 148 148 149
195 195 190 183 176 176 171 165 160 156 153 151 151 149 148 147 147 147 147 147 147 147 147 147 147 147 147 147 147 147 147 147 147 147 147 147 147 147 147 147 147 147 147 147 147 147 147 147 147 147 147 147 147 147 147 147 147 147 147 147 148 148 148 148 148 148 147 147 148 148 148 148 148 148 148 148 148 148 148 148 148 148 148 148 148 148 148 149 149
195 193 190 182 172 172 169 163 158 155 153 151 150 149 148 147 147 148 148 148 148 148 148 148 147 147 147 147 147 147 147 147 147 147 147 147 147 147 147 147 147 147 147 147 147 147 147 147 147 147 147 147 147 147 147 147 147 147 147 148 148 148 148 148 148 148 148 148 148 148 148 148 148 148 148 148 148 148 148 148 148 148 148 148 148 148 148 149 149
196 195 194 186 176 170 168 162 158 155 153 151 149 148 148 148 148 148 148 148 148 148 148 148 148 148 148 148 148 147 147 147 147 147 147 147 147 147 147 147 147 147 147 147 147 147 147 147 147 147 147 147 147 148 148 148 148 148 148 148 148 148 148 148 148 148 148 148 148 148 148 148 148 148 148 148 148 148 148 148 148 148 148 148 148 148 148 148 149
196 196 195 190 180 170 164 161 158 155 153 150 149 148 148 148 148 148 148 149 149 149 148 148 148 148 148 148 148 148 148 147 147 147 147 147 147 147 147 147 147 147 147 147 147 147 147 147 147 147 147 147 148 148 148 148 148 148 148 148 148 147 147 147 147 147 148 148 148 148 148 148 148 148 148 148 148 148 148 148 148 148 148 148 148 148 148 148 148
193 190 191 188 182 170 161 159 157 155 152 150 149 148 148 148 149 149 149 149 149 149 149 149 149 149 149 149 148 148 148 148 148 148 147 147 147 147 147 147 147 147 147 147 147 147 147 147 147 147 147 148 148 148 148 148 148 148 148 148 147 147 147 147 147 147 148 148 148 148 148 148 148 148 148 148 148 148 148 148 148 148 148 148 148 148 148 148 148
187 184 181 177 173 167 159 156 155 153 151 150 149 149 149 149 149 149 149 149 149 149 149 149 149 149 149 149 149 148 148 148 148 148 148 148 148 147 147 147 147 147 147 147 147 147 147 147 147 147 148 148 148 148 148 148 148 148 148 148 147 147 147 147 147 147 147 148 148 148 148 148 148 148 148 148 148 148 148 148 148 148 148 148 148 148 148 148 148
182 178 175 171 165 160 156 154 153 152 151 150 149 149 149 149 149 149 149 149 149 149 149 149 149 149 149 149 149 149 149 148 148 148 148 148 148 148 148 147 147 147 147 147 147 147 147 147 147 148 148 148 148 148 148 148 148 148 148 147 147 147 147 147 147 147 147 148 148 148 148 148 148 148 148 148 148 148 148 148 148 148 148 148 148 148 148 148 148
175 171 169 164 160 156 154 153 152 151 150 150 149 149 149 149 149 149 149 149 149 149 149 149 149 149 149 149 149 149 149 149 149 149 149 149 149 148 148 148 148 147 147 147 147 147 147 147 147 148 148 148 148 148 148 148 148 148 147 147 147 147 147 147 147 147 147 148 148 148 148 148 148 148 148 148 148 148 148 148 148 148 148 148 148 148 148 148 148
169 167 164 159 156 154 152 152 151 151 150 150 149 149 149 149 149 149 149 149 149 149 149 149 149 149 149 149 149 148 148 148 148 148 149 149 149 149 148 148 148 147 147 147 147 147 147 147 147 148 148 148 148 148 148 148 148 147 147 147 147 147 148 148 147 147 148 148 148 148 148 148 148 148 148 148 148 148 148 148 148 148 148 148 148 148 148 148 148
165 163 159 156 154 152 151 151 150 150 150 150 149 149 149 149 149 149 149 149 149 149 149 149 149 148 148 148 148 148 148 148 148 148 148 148 148 149 148 148 148 148 147 147 147 147 147 147 148 148 148 148 148 148 148 148 147 147 147 147 147 148 148 148 148 148 148 148 148 148 148 148 148 148 148 148 148 148 148 148 148 148 148 148 148 148 148 148 148
160 157 154 153 152 151 151 150 150 150 150 149 149 149 149 149 149 149 149 149 149 149 149 149 149 148 148 148 148 148 148 148 148 148 148 148 148 148 148 148 148 148 148 147 147 147 147 148 148 148 148 148 148 148 148 148 147 147 147 147 147 147 148 148 148 148 148 148 148 148 148 148 148 148 148 148 148 148 148 148 148 148 148 148 148 148 148 148 149
154 152 152 151 151 151 151 150 150 149 149 149 149 149 149 149 149 149 149 149 149 149 149 149 148 148 148 148 148 148 148 148 148 148 148 148 148 148 148 148 148 148 148 147 147 147 147 148 148 148 148 148 148 148 148 148 148 147 147 147 147 148 148 148 148 148 148 148 148 148 148 148 148 148 148 148 148 148 148 148 148 148 148 148 148 148 148 148 148
152 152 151 151 150 150 150 150 150 149 149 149 149 149 149 149 149 149 149 149 149 149 149 148 148 148 148 148 148 148 148 148 148 148 148 148 148 148 148 148 148 148 148 148 147 147 148 148 148 148 148 148 148 148 148 148 148 148 147 147 147 148 148 148 148 148 148 148 148 148 148 148 148 148 148 148 148 148 148 148 148 148 148 148 148 148 148 148 148
151 151 151 150 150 150 150 150 149 149 149 149 149 149 149 149 149 149 149 149 149 149 149 148 148 148 148 148 148 148 148 148 148 148 148 148 148 148 148 148 148 148 148 148 148 147 148 148 148 148 148 148 148 148 148 148 148 148 148 148 148 148 148 148 148 148 148 148 148 148 148 148 148 148 148 148 148 148 148 148 148 148 148 148 148 148 148 148 147
150 151 150 150 150 150 150 150 149 149 149 149 149 149 149 149 149 149 149 149 149 149 149 148 148 148 148 148 148 148 148 148 148 148 148 148 148 148 148 148 148 148 148 148 148 147 148 148 148 148 148 148 148 148 148 148 148 148 148 148 148 148 148 148 148 148 148 148 148 148 148 148 148 148 148 148 148 148 148 148 148 148 148 148 148 148 148 147 147
150 150 150 150 150 150 150 150 149 149 149 149 149 149 149 149 149 149 149 149 149 149 149 149 148 148 148 148 148 148 148 148 148 148 148 148 148 148 148 148 148 148 148 148 148 147 148 148 148 148 148 148 148 148 148 148 148 148 148 148 148 148 148 148 148 148 148 148 148 148 148 148 148 148 148 148 148 148 148 148 148 148 148 148 148 147 147 147 147
150 151 150 150 150 150 149 150 149 149 149 149 149 149 149 149 149 149 149 149 149 149 149 149 149 148 148 148 148 148 148 148 148 148 148 148 148 148 148 148 148 148 148 148 148 148 148 148 148 148 148 148 148 148 148 148 148 148 148 148 148 148 148 148 148 148 148 148 148 148 148 148 148 147 147 148 148 148 148 148 148 148 148 148 147 147 147 147 148
