src/main/resources/fr/ign/cogit/simplu3d/data2/Merged.asc
ncols        401
nrows        401
xllcorner    1039975.000000000000
yllcorner    6829975.000000000000
cellsize     50.000000000000
NODATA_value      -9999
[rows 0 to 38 of 401, columns 89 to 177 of 401]
182 181 182 182 182 183 183 182 182 181 181 180 178 176 173 171 167 166 164 161 158 156 155 154 154 154 154 154 155 157 159 161 162 162 162 162 161 161 161 160 160 159 158 157 156 155 154 152 150 149 149 149 149 149 149 149 148 148 148 147 147 147 147 147 146 146 145 145 144 144 144 143 143 142 141 140 140 140 140 140 139 139 139 138 138 138 138 137 137
183 183 183 183 183 183 182 182 182 181 180 179 177 175 172 169 165 163 160 159 158 156 155 154 154 153 153 153 155 156 159 161 162 162 162 161 161 161 160 159 159 159 159 158 156 155 154 152 151 150 149 149 149 149 149 149 148 148 148 147 147 147 147 147 146 146 145 145 145 144 144 144 143 142 141 141 140 140 140 140 140 139 139 139 138 138 138 138 137
183 183 183 183 183 183 182 182 181 181 180 178 176 173 170 168 165 162 159 157 157 157 156 155 154 153 152 153 154 156 158 160 161 161 161 161 161 160 158 157 158 159 159 158 157 155 154 152 151 150 149 149 149 149 149 149 148 148 148 148 147 147 147 147 146 146 146 145 145 145 145 145 144 143 142 141 141 141 141 140 140 140 139 139 139 138 138 138 137
182 182 182 182 182 182 182 181 181 180 179 177 175 172 169 166 164 161 158 155 156 157 157 156 155 153 152 152 153 155 156 158 159 160 161 161 161 159 156 154 156 158 158 158 157 155 154 152 151 150 149 149 149 149 149 149 149 148 148 148 148 148 147 147 147 147 146 146 145 145 145 145 144 144 143 142 141 141 141 141 140 140 139 139 139 139 138 138 138
181 181 181 181 181 181 181 181 180 179 177 175 174 171 168 165 162 160 157 155 156 156 157 157 156 154 153 153 153 154 155 156 158 159 160 161 160 157 154 151 152 156 157 157 156 154 153 152 150 150 149 149 149 149 149 149 149 149 148 148 148 148 148 148 148 148 147 146 146 146 145 145 145 144 143 143 142 142 141 141 141 140 140 139 139 139 138 138 138
177 179 180 180 181 181 181 180 180 178 176 174 172 169 167 164 161 158 156 155 155 155 156 157 157 155 154 154 153 153 154 155 156 158 160 160 159 156 153 150 150 153 156 156 154 153 152 151 150 150 150 150 150 149 149 149 149 149 149 149 149 148 148 148 148 148 148 147 146 146 145 145 145 144 144 143 143 142 142 141 141 140 140 140 139 139 138 138 138
174 175 177 178 179 180 180 179 179 178 176 174 171 168 165 162 160 158 155 155 155 155 155 155 156 156 156 156 155 154 154 154 156 158 159 159 158 155 152 149 148 150 152 153 152 151 150 150 150 150 150 150 150 150 150 149 149 149 149 149 149 149 149 149 149 148 148 147 146 146 145 145 145 145 144 144 143 143 142 142 141 141 140 140 139 139 138 138 138
170 172 174 176 178 178 178 178 178 177 176 174 171 168 166 163 161 158 156 155 156 155 154 154 155 156 157 157 156 154 153 154 156 157 158 157 156 154 151 149 147 147 148 149 149 149 149 150 150 150 150 150 150 150 150 150 150 149 149 149 149 149 149 149 149 149 148 147 147 146 146 146 145 145 145 144 143 143 142 142 141 141 140 140 139 139 139 138 138
166 169 172 174 176 177 177 176 176 176 174 172 170 167 165 163 161 158 156 156 156 155 153 153 155 156 157 156 155 154 152 153 155 156 156 155 154 151 149 147 146 145 145 146 148 149 150 150 150 150 150 150 150 150 150 150 150 150 150 150 149 149 149 149 149 149 148 148 147 147 146 146 146 145 145 144 143 143 143 142 142 141 140 140 139 139 139 139 138
162 166 169 172 174 175 175 175 174 173 172 171 168 166 164 162 160 158 156 155 154 153 152 152 153 154 154 154 153 151 151 153 154 154 153 152 150 148 146 145 144 143 143 144 146 150 151 151 151 151 151 151 151 151 151 150 150 150 150 150 150 149 149 149 149 149 149 149 148 148 147 146 146 145 145 144 144 143 143 142 142 141 140 140 140 139 139 139 138
159 163 167 169 171 172 173 173 172 171 170 169 167 165 163 162 160 158 156 154 153 152 151 151 151 151 151 150 150 149 150 152 152 152 151 148 146 145 144 143 142 142 142 143 145 150 151 151 151 151 151 151 151 151 151 151 151 150 150 150 150 149 149 149 149 149 149 149 148 148 147 146 146 145 145 144 144 143 143 142 142 141 141 140 140 140 139 139 139
157 160 164 167 169 170 170 170 170 169 168 167 166 165 163 162 161 159 157 155 153 151 150 150 149 148 148 148 147 147 149 150 150 150 148 145 144 143 142 142 141 140 141 142 144 147 150 151 151 151 151 151 151 152 152 152 151 151 151 150 150 150 149 149 150 150 149 149 148 147 147 146 145 145 145 144 144 144 143 143 142 142 141 141 141 140 140 139 139
155 158 161 165 167 168 169 169 168 167 166 165 165 164 163 162 161 159 157 155 153 151 150 149 148 147 147 146 146 147 147 148 148 147 145 144 142 142 141 141 141 140 140 141 142 144 146 149 151 152 152 151 151 152 152 152 152 152 151 150 150 150 149 149 150 149 149 148 147 147 146 146 145 145 145 144 144 144 143 143 143 142 142 141 141 141 140 140 139
153 156 160 163 166 167 167 166 166 166 164 163 163 163 163 162 161 159 157 155 153 152 150 149 148 147 147 147 147 146 146 146 145 144 144 143 142 141 141 141 140 140 139 140 140 142 143 146 150 152 152 151 151 152 152 153 152 152 151 151 150 150 150 150 149 149 148 147 147 146 146 145 145 145 145 145 144 144 144 144 143 143 142 142 142 141 141 140 139
152 156 158 161 163 164 164 164 164 163 163 162 161 161 162 162 161 160 157 155 154 153 152 151 149 149 149 149 147 146 145 144 144 143 143 142 142 141 141 140 140 140 139 139 139 139 141 144 148 151 151 151 151 151 152 153 153 152 152 151 151 151 150 150 149 149 148 147 147 146 146 145 145 145 145 145 145 145 144 144 144 143 143 142 142 141 141 140 139
151 155 157 158 160 161 161 161 161 161 161 160 160 160 160 161 161 160 158 157 156 156 154 153 152 152 152 151 149 147 145 143 143 143 142 142 142 141 141 141 141 140 140 140 139 139 140 142 146 149 151 151 151 151 151 152 153 153 152 152 151 151 151 150 149 148 147 147 146 146 146 146 145 145 145 145 145 145 145 145 144 144 143 142 142 141 141 140 140
150 153 154 156 157 158 158 158 159 159 159 159 159 159 159 160 160 159 159 158 158 157 156 156 156 156 154 152 149 146 144 143 143 143 142 142 142 141 141 142 142 142 141 140 139 139 139 141 144 147 149 149 149 150 151 151 153 153 152 151 151 151 151 150 149 148 147 147 146 146 146 146 146 146 146 146 146 146 145 145 144 144 143 143 142 142 141 140 140
148 149 151 152 154 155 155 155 157 157 158 158 158 158 158 159 159 159 159 159 158 158 157 157 156 156 154 151 147 144 144 143 143 143 142 142 142 142 142 142 143 143 143 142 140 139 138 139 141 144 145 145 146 147 150 151 152 153 152 151 151 151 151 150 149 148 147 147 147 146 146 146 146 146 146 146 146 146 146 145 145 144 144 143 142 142 141 141 141
147 146 146 148 150 151 152 152 154 156 156 156 156 157 157 158 158 158 158 158 158 158 157 156 155 154 151 147 145 144 143 143 143 143 143 142 142 142 142 143 144 145 145 143 141 139 138 138 139 140 141 142 142 144 147 151 152 153 152 152 151 151 151 150 150 149 148 147 147 147 147 147 147 147 147 147 147 146 146 146 145 144 144 143 143 142 142 142 141
149 147 146 145 145 146 147 148 151 153 154 154 154 155 156 157 157 157 157 157 157 157 155 154 152 149 147 145 144 143 143 143 143 143 143 142 142 142 142 143 145 146 146 145 142 139 138 138 138 138 138 139 140 141 144 149 152 153 152 152 151 151 151 151 150 150 148 148 147 147 147 147 147 147 147 147 147 147 146 146 145 145 144 144 143 143 142 142 142
152 151 150 148 145 144 144 144 147 149 150 151 151 153 155 156 156 156 155 154 153 153 151 148 146 145 144 143 143 143 144 144 144 143 143 143 143 143 143 144 145 146 146 145 143 140 139 138 138 138 138 138 139 141 143 149 151 152 151 151 151 151 151 151 150 150 149 148 148 148 148 148 148 148 148 148 147 147 146 146 145 145 145 144 144 143 143 143 142
156 155 154 153 149 146 145 144 144 145 145 146 148 150 153 154 154 154 153 151 148 146 145 144 144 144 144 144 144 144 144 144 144 143 143 143 143 143 143 144 145 146 146 146 144 142 140 139 138 138 138 138 139 140 143 149 151 151 151 151 151 150 150 150 150 150 149 149 148 148 148 148 148 148 148 148 148 147 147 146 146 145 145 145 144 144 144 143 142
159 158 157 156 154 152 149 146 145 143 143 143 145 148 150 150 149 149 147 145 144 144 144 144 144 144 144 145 145 144 144 144 144 143 143 143 144 144 144 144 145 146 146 146 145 143 141 140 139 139 139 139 139 140 143 148 151 151 151 150 150 150 150 150 150 149 149 149 148 148 148 148 148 148 148 148 148 147 147 147 146 146 146 146 145 144 144 143 143
161 160 159 158 157 156 153 150 146 144 143 143 144 145 145 145 145 145 144 144 144 145 145 145 145 145 145 145 145 145 144 144 144 144 144 144 144 144 144 144 145 145 145 146 146 145 143 142 142 141 140 140 139 140 142 146 149 150 150 150 150 150 149 149 149 149 148 148 148 148 148 148 148 148 148 148 148 148 147 147 147 147 146 146 145 145 144 144 143
162 161 159 159 158 157 154 152 149 146 144 144 144 144 144 145 145 145 145 145 145 146 146 146 146 146 146 146 146 145 145 144 144 144 145 145 144 144 144 144 144 145 145 146 146 146 145 145 144 143 142 141 140 139 141 145 148 150 150 150 149 149 149 148 148 148 148 148 148 148 148 148 148 148 148 148 148 148 148 148 147 147 147 146 145 145 144 144 143
161 160 160 159 158 157 155 153 151 150 149 148 146 145 145 145 145 145 146 146 146 146 147 147 147 146 146 146 145 145 145 145 145 145 145 145 145 144 144 144 144 145 145 146 147 147 146 146 146 145 143 141 140 139 141 145 147 149 149 149 149 148 148 148 147 147 147 147 147 147 147 147 148 148 148 148 148 148 148 147 147 147 147 146 146 145 145 144 143
159 159 159 159 158 157 155 154 153 153 152 151 150 148 147 146 146 146 146 146 147 147 148 147 147 147 146 145 145 145 145 146 146 146 146 146 146 145 144 144 144 145 146 147 147 147 147 147 146 144 143 141 140 140 143 146 147 148 148 148 148 147 147 147 147 147 146 146 146 146 146 146 147 147 148 148 148 148 147 147 146 146 146 146 146 145 144 144 143
158 158 158 158 158 157 156 155 154 153 153 152 151 150 148 147 146 146 147 147 147 148 148 148 148 147 146 146 145 145 147 148 148 148 147 147 146 145 144 144 144 146 149 148 147 146 146 146 145 144 142 140 140 141 145 147 147 147 147 147 147 147 146 146 146 146 146 145 145 145 145 145 146 147 147 148 148 147 147 146 145 145 145 145 144 144 144 143 143
157 157 157 157 156 156 155 154 153 152 152 152 151 149 149 147 147 147 147 148 148 149 149 149 149 148 147 146 146 148 149 150 150 149 149 148 146 145 144 143 144 147 150 150 147 145 144 144 143 142 141 140 140 143 146 147 147 147 147 146 146 146 146 146 146 145 145 144 144 144 144 144 145 146 147 147 147 147 146 145 144 143 142 141 141 141 142 142 142
155 156 155 154 154 154 154 153 152 150 150 150 150 149 148 147 147 147 148 148 149 150 150 150 150 149 148 149 150 151 151 152 151 150 149 148 146 145 143 143 144 147 151 151 147 144 143 142 141 141 140 140 141 144 146 147 146 146 146 146 146 145 145 145 145 145 144 144 144 143 143 144 144 145 146 147 147 146 145 143 142 141 140 139 139 139 140 141 142
152 153 152 152 151 151 151 151 150 149 149 149 149 149 148 148 148 148 149 150 150 151 151 151 151 150 150 151 152 153 153 153 152 151 150 148 146 144 143 143 143 146 151 151 148 144 143 141 140 140 140 140 141 144 146 146 146 145 145 145 145 145 144 144 144 144 144 143 143 143 143 143 144 145 146 146 146 145 143 141 140 139 138 138 138 138 139 141 142
150 150 150 149 149 149 150 150 149 149 148 149 149 149 149 149 149 149 150 152 153 153 153 152 152 151 152 153 154 154 154 153 152 151 149 147 145 143 143 143 143 146 151 152 149 145 142 141 140 140 139 140 142 143 145 145 145 145 145 144 144 144 144 144 144 143 143 143 142 142 142 143 143 144 145 145 145 144 142 140 139 139 138 138 138 138 139 140 141
149 149 149 149 149 148 149 149 149 149 149 149 150 151 152 152 152 152 153 154 155 155 154 153 153 153 154 155 156 155 154 153 152 150 147 145 143 143 143 144 146 149 152 151 148 144 142 141 141 140 140 140 141 143 144 144 144 144 144 144 144 143 143 143 143 143 143 142 142 142 142 142 143 144 144 144 144 142 141 139 139 139 139 139 139 139 139 139 140
150 150 150 149 149 149 149 150 149 150 150 150 151 153 155 155 155 155 155 156 156 155 155 154 154 154 155 156 156 155 154 152 150 147 144 143 143 143 144 148 153 155 153 150 146 143 142 141 141 140 140 140 140 142 143 143 144 144 144 143 143 143 143 142 142 142 142 142 141 141 141 142 142 143 143 143 143 141 140 139 139 139 139 140 140 140 139 139 140
152 153 154 151 150 150 152 153 153 152 151 152 154 156 157 157 157 157 157 157 156 155 155 154 154 155 156 156 156 155 153 151 148 145 143 143 143 143 145 154 158 158 153 148 145 143 142 141 141 140 140 140 140 141 142 143 143 143 143 143 142 142 142 142 142 142 141 141 140 140 140 141 142 142 142 142 142 141 140 139 139 139 140 140 140 140 140 140 139
156 157 157 155 152 153 155 156 156 155 155 155 156 157 157 158 158 157 157 157 156 155 155 155 155 155 156 156 155 154 152 150 147 144 143 143 143 143 148 160 163 160 155 149 145 143 142 141 141 140 140 140 140 141 142 142 143 143 143 142 142 142 141 141 141 140 140 140 139 139 139 140 141 141 141 141 141 140 139 139 139 139 140 140 140 140 140 140 139
160 160 159 157 155 155 156 157 157 157 157 157 157 157 158 158 158 157 157 157 156 155 155 155 155 156 156 156 155 153 151 149 146 143 143 143 143 143 149 165 166 163 158 151 146 143 142 141 141 140 140 140 140 141 141 142 142 142 142 142 141 141 140 140 139 139 139 139 138 139 139 139 140 140 140 140 140 139 139 139 139 139 139 140 140 140 140 140 140
162 161 159 158 156 157 157 157 157 157 157 157 157 157 157 157 157 157 157 156 156 155 155 156 156 156 156 156 155 153 151 148 145 143 142 142 141 142 156 168 168 165 161 153 147 143 142 142 141 141 140 140 140 141 141 142 142 142 142 141 141 140 140 139 138 139 139 141 141 141 141 141 140 139 139 139 139 139 138 138 138 138 139 139 139 140 140 139 140
163 161 160 158 157 157 158 158 157 157 157 157 157 157 157 157 157 157 157 157 156 156 156 156 156 156 156 156 155 153 150 148 145 143 143 143 143 147 167 170 169 166 162 155 148 144 143 142 142 142 140 140 140 140 141 141 141 141 141 140 140 140 139 140 140 142 145 146 146 147 146 146 144 142 140 139 139 138 138 138 138 138 138 139 139 139 139 139 140
