src/main/resources/fr/ign/cogit/simplu3d/data2/Merged.asc
ncols        401
nrows        401
xllcorner    1039975.000000000000
yllcorner    6829975.000000000000
cellsize     50.000000000000
NODATA_value      -9999
[rows 39 to 77 of 401, columns 0 to 88 of 401]
177 177 177 177 176 176 175 174 173 173 172 171 170 169 169 169 168 168 168 168 169 170 171 172 172 172 172 172 172 172 172 172 172 172 172 172 171 171 171 170 169 167 167 167 166 166 166 165 165 164 164 163 162 161 161 161 160 160 159 158 156 152 150 153 155 156 156 158 160 161 162 163 163 162 160 160 158 161 163 165 166 168 167 167 167 166 165 165 164
177 177 177 176 176 176 175 174 174 173 172 171 171 170 170 169 169 169 169 170 170 171 172 173 173 173 173 172 173 173 173 172 172 172 172 172 172 172 172 171 170 170 169 169 168 168 167 167 166 166 165 164 164 164 163 163 164 164 164 162 159 154 152 156 159 161 164 165 166 167 168 168 168 168 166 164 162 163 166 168 168 169 169 168 167 165 165 165 164
177 177 176 176 176 176 175 174 174 173 172 172 171 171 170 170 170 170 170 171 171 172 173 173 173 173 173 173 173 173 173 173 173 173 173 173 172 172 172 172 172 171 171 170 170 170 169 169 168 167 167 166 166 166 166 166 167 167 167 166 162 156 155 160 164 167 169 170 170 171 171 171 171 171 170 169 168 169 170 171 170 170 169 168 167 166 165 165 164
177 177 176 176 176 176 175 174 174 173 172 172 172 171 171 171 171 171 171 172 172 173 173 173 173 173 173 174 173 173 173 173 173 173 173 173 173 173 173 173 173 172 172 172 171 171 171 170 170 169 169 168 168 168 168 169 169 170 170 168 165 159 160 164 169 171 172 172 172 172 173 173 173 173 172 172 172 173 173 172 170 170 169 168 167 166 166 165 164
177 177 176 176 176 176 175 174 174 173 173 172 172 172 172 172 172 172 172 172 173 173 173 174 174 174 174 174 174 174 174 174 174 174 174 174 174 174 174 174 173 173 173 173 172 172 172 171 171 171 170 170 170 170 171 171 172 172 172 171 168 164 165 169 172 173 173 173 173 173 173 174 174 174 173 173 173 173 173 173 171 169 168 167 167 166 166 165 164
177 177 176 176 176 176 175 174 174 173 173 173 173 173 172 172 172 173 173 173 173 174 174 174 174 175 175 175 175 175 175 175 175 175 175 175 175 174 174 174 174 174 174 173 173 173 173 172 172 172 172 172 172 172 173 173 173 173 173 173 172 170 171 173 173 174 174 174 174 174 174 174 174 174 173 173 173 174 173 173 171 169 167 166 166 166 165 164 164
177 177 177 176 176 176 175 175 174 174 173 173 173 173 173 173 173 173 174 174 174 174 175 175 175 175 175 175 175 175 175 175 175 175 175 175 175 175 175 175 175 175 174 174 174 174 174 173 173 173 173 173 173 173 173 173 174 174 174 174 174 174 174 174 174 174 174 174 174 174 174 174 174 173 173 173 173 173 173 172 171 169 166 165 165 165 165 164 163
177 177 177 176 176 176 176 175 174 174 174 174 174 174 174 174 174 174 174 175 175 175 175 175 175 175 175 175 175 176 176 176 175 175 175 175 175 175 175 175 175 175 175 174 174 174 174 174 174 174 173 173 173 173 174 174 174 174 174 174 175 175 175 174 174 174 174 174 174 174 174 173 173 173 173 172 172 171 171 171 170 167 165 164 164 164 164 163 163
177 177 177 176 176 176 176 176 175 175 175 175 175 175 175 175 175 175 175 175 175 176 176 176 176 176 176 176 176 176 176 176 176 175 175 175 175 175 175 175 175 175 175 174 174 174 174 174 174 174 174 174 174 174 174 174 174 174 174 174 174 174 174 174 174 173 173 173 173 173 173 172 172 172 172 171 169 169 169 169 168 166 164 164 163 163 163 163 163
177 177 177 176 176 176 176 176 176 176 175 175 175 175 175 175 175 175 176 176 176 176 176 176 176 176 176 176 176 176 176 176 175 175 175 175 175 175 175 175 175 175 175 174 174 174 174 174 174 174 174 174 174 174 174 174 174 174 174 174 174 173 173 173 173 173 172 172 172 172 171 170 170 170 170 168 167 165 166 166 165 164 163 163 162 162 162 162 162
177 177 177 176 176 176 176 176 176 176 176 176 176 176 176 176 176 176 176 176 176 176 176 177 176 176 176 176 176 176 176 175 175 175 174 174 175 175 175 175 175 175 174 174 174 174 174 174 174 174 174 174 174 174 173 173 173 173 173 173 173 172 172 172 171 171 170 170 170 170 169 169 168 168 167 166 164 164 164 164 163 163 163 162 160 160 161 161 162
177 177 176 176 176 176 176 177 177 176 176 176 176 176 176 176 176 176 176 176 176 176 176 176 176 176 176 176 176 176 175 175 174 174 174 174 174 174 174 174 174 174 174 174 174 173 173 173 173 173 173 173 173 173 172 172 172 172 171 171 171 170 170 169 169 168 168 168 168 168 167 167 166 165 165 164 163 163 163 162 162 162 161 161 158 155 159 160 161
177 176 176 176 176 176 176 176 176 176 176 176 176 176 176 176 176 176 176 176 176 176 176 176 176 176 176 176 176 175 175 174 174 174 174 174 174 174 174 174 174 173 173 173 173 173 172 172 172 172 172 172 171 171 171 170 170 169 169 168 168 167 167 166 166 165 165 166 166 166 165 165 164 163 163 162 162 162 162 162 161 160 160 158 156 153 154 157 159
176 175 175 176 176 176 176 176 176 176 176 176 176 176 176 176 176 176 176 176 176 175 174 174 174 174 174 174 174 174 174 174 173 173 173 173 173 173 173 173 173 172 172 172 171 171 170 170 170 170 170 170 169 169 168 167 166 166 165 165 165 164 164 163 163 163 163 163 163 162 162 162 162 161 161 161 161 161 161 161 161 160 159 156 153 150 151 154 156
174 175 175 175 175 175 175 175 176 175 176 176 176 176 176 176 176 176 176 176 175 174 173 172 172 172 172 173 173 173 173 173 173 173 173 173 172 172 172 172 172 171 171 170 170 169 168 168 168 168 167 167 166 165 164 163 162 162 162 162 162 161 161 161 161 161 161 161 160 160 160 159 159 160 160 160 160 161 161 161 161 161 160 157 153 149 148 149 151
173 174 174 174 174 174 174 174 174 175 175 175 175 175 175 176 176 176 175 175 175 173 171 169 169 168 169 170 171 172 172 172 172 172 172 172 171 171 171 170 170 170 169 169 168 167 166 165 165 165 165 164 164 162 161 160 159 159 159 159 159 159 159 159 158 158 158 158 158 158 158 157 157 158 158 158 159 159 159 159 160 160 159 157 156 153 148 145 145
172 173 173 173 173 173 173 173 173 173 174 174 174 175 175 175 175 175 175 175 174 173 170 168 166 165 166 167 169 170 170 171 171 171 170 170 170 169 169 169 168 168 167 167 166 165 164 163 163 162 162 162 161 160 159 158 157 157 157 157 157 157 157 156 156 156 156 156 156 155 155 154 154 154 155 156 156 156 156 157 157 157 156 154 152 151 148 145 144
171 172 172 172 172 172 172 172 172 172 172 173 173 174 174 174 175 175 175 174 173 172 171 170 166 163 162 163 165 167 168 168 169 169 169 168 168 168 167 167 167 166 166 165 164 163 162 161 160 160 159 159 158 157 157 156 155 155 155 154 154 154 154 153 153 153 152 152 151 152 151 150 149 149 150 151 151 151 151 153 154 154 153 151 149 148 146 145 145
170 170 170 170 170 171 171 171 171 171 171 172 172 172 173 173 174 174 174 173 173 172 172 172 170 164 160 160 162 164 165 166 166 167 167 167 166 166 166 165 165 165 164 163 162 161 160 159 158 157 156 156 155 155 154 154 153 153 152 152 151 151 151 151 150 150 149 149 149 149 148 148 147 147 147 148 148 148 147 148 150 150 150 149 147 146 146 146 148
169 169 169 169 169 169 170 170 170 170 170 170 171 171 172 172 172 172 172 172 172 171 171 171 171 168 162 159 158 160 162 163 164 165 165 165 165 165 164 164 163 163 162 161 160 158 157 156 155 154 154 154 153 153 152 151 151 150 150 150 149 149 148 149 149 148 148 148 148 147 147 147 147 147 147 147 147 146 146 146 147 148 148 148 147 146 146 149 151
168 168 168 168 168 168 168 169 169 169 169 169 170 170 170 171 171 171 171 171 171 171 171 171 170 169 167 162 158 156 157 159 161 162 163 163 163 163 163 162 161 160 159 158 157 155 154 154 153 152 152 151 151 150 150 149 148 148 148 150 150 150 149 150 151 151 152 150 149 148 148 148 148 148 148 148 147 147 147 147 147 147 148 148 147 147 147 149 151
167 167 167 167 167 167 167 168 168 169 169 169 169 169 169 169 170 170 170 170 170 170 170 170 169 168 167 165 161 156 153 154 156 159 160 161 161 160 160 159 158 157 155 154 153 153 152 151 151 150 150 149 149 148 149 148 148 149 152 154 155 154 155 156 157 157 157 155 152 150 150 150 150 150 150 149 149 149 149 149 148 148 148 148 148 147 147 148 150
166 166 166 165 165 165 165 166 167 167 167 167 167 168 168 168 168 168 169 169 169 169 169 169 168 167 165 163 161 157 153 152 152 154 155 156 157 157 156 155 154 153 152 151 151 150 150 150 150 149 149 149 149 149 149 151 152 155 159 162 162 161 160 162 163 162 160 158 156 155 153 153 153 153 152 151 151 151 151 150 149 149 149 150 149 148 148 148 149
165 164 164 163 163 163 163 164 165 165 165 165 165 166 166 166 166 167 167 168 168 168 167 166 165 163 161 160 158 156 153 152 151 151 152 153 153 153 152 151 151 149 149 149 149 149 149 149 149 149 150 151 152 153 154 158 161 162 164 166 165 165 165 166 166 166 163 161 159 158 157 157 156 156 155 155 154 154 153 152 151 151 151 151 150 149 148 148 148
163 163 162 161 160 160 160 161 162 162 162 162 162 163 163 163 163 164 165 165 165 164 163 162 160 159 158 156 155 154 152 151 151 150 150 151 151 150 150 149 149 149 149 148 149 149 149 149 149 149 152 156 157 157 159 163 165 165 166 167 168 168 168 168 168 167 166 165 163 161 160 160 159 158 157 157 157 156 155 154 154 153 153 152 150 149 149 149 149
162 161 160 158 158 157 157 158 158 158 159 159 159 159 159 159 159 160 160 160 160 159 158 157 156 155 155 154 154 153 152 151 150 150 151 151 149 149 149 150 150 151 151 152 152 151 151 150 149 149 153 157 160 163 165 167 167 167 168 169 170 170 170 169 169 168 168 167 165 164 162 162 161 160 159 158 158 158 157 156 155 155 154 153 151 150 150 150 150
160 159 157 156 155 155 155 155 155 156 155 156 156 156 156 155 155 155 155 154 154 154 154 154 153 154 154 153 153 153 153 152 151 152 152 153 151 152 153 153 154 155 156 157 156 155 153 151 149 149 152 158 163 167 169 169 169 169 170 171 171 171 171 170 169 169 169 168 167 166 165 163 162 161 160 159 159 159 158 157 156 156 155 153 151 150 150 151 150
158 157 156 155 154 154 154 154 154 154 154 153 153 153 153 153 153 153 153 153 153 153 153 153 153 153 154 154 154 154 154 154 155 156 156 157 158 158 158 158 158 160 160 160 159 157 154 151 150 150 152 158 164 167 169 170 170 171 172 173 173 173 172 172 170 170 169 169 168 167 166 165 163 162 162 161 160 160 159 158 157 156 155 154 152 150 151 151 150
156 155 154 154 154 153 153 153 153 153 153 153 153 153 153 153 153 153 153 153 153 154 154 154 154 155 156 156 156 157 157 158 159 160 161 161 162 162 162 162 162 162 162 162 160 157 154 151 153 155 156 158 163 166 169 170 171 172 173 174 174 174 173 173 172 171 170 170 169 168 167 165 164 163 162 162 161 160 159 157 156 156 155 154 152 151 151 150 150
155 154 154 154 154 154 154 155 154 154 154 153 153 153 153 153 154 154 155 155 155 156 157 157 157 158 158 159 159 160 161 161 162 163 163 164 164 165 165 165 165 165 164 162 159 155 154 156 159 162 162 162 164 166 168 170 171 172 173 174 174 174 174 173 173 172 171 170 169 168 167 165 164 163 162 161 161 159 158 156 155 155 154 154 153 152 152 151 150
155 155 155 156 156 156 156 156 156 155 155 154 154 154 154 155 156 156 158 159 160 160 160 161 161 161 162 162 162 163 163 163 164 165 165 166 166 167 167 167 167 166 164 161 158 154 157 161 164 166 167 167 166 167 168 170 171 172 173 174 174 174 174 173 173 172 170 169 168 167 166 165 164 163 162 161 159 158 157 155 155 155 154 154 154 153 153 152 150
156 156 157 158 159 159 159 158 158 158 157 157 157 157 157 158 159 161 163 164 165 164 164 164 165 165 165 165 165 166 166 166 166 167 168 168 169 169 169 169 168 166 163 160 156 155 161 166 168 170 171 170 168 168 169 170 171 172 173 174 174 174 173 173 172 171 170 169 167 166 165 164 163 162 161 160 158 156 155 155 155 155 154 154 154 155 155 152 150
158 159 159 160 161 161 161 160 160 160 160 160 160 161 161 161 162 165 167 167 167 167 167 167 167 167 167 167 168 168 168 168 169 170 171 171 171 171 171 170 168 166 162 159 156 159 165 169 171 172 172 170 169 169 169 171 172 172 173 174 174 174 173 173 172 171 170 168 166 165 164 163 162 161 160 159 157 155 155 155 155 155 155 155 155 156 155 153 150
162 162 162 162 162 162 162 162 162 162 162 162 162 162 163 163 165 167 168 169 169 168 168 168 168 169 169 169 170 171 171 171 171 173 173 173 173 172 171 171 169 166 162 159 158 161 167 171 172 172 171 170 169 170 171 172 172 173 173 173 173 173 173 173 172 171 169 167 166 163 162 162 161 160 159 158 157 156 156 157 157 157 156 156 156 156 155 153 150
165 165 164 164 164 163 163 163 163 163 163 163 163 163 164 165 166 167 168 169 169 169 169 169 170 170 171 171 172 172 172 173 173 174 174 173 173 172 171 170 169 166 162 159 160 163 168 171 172 172 171 170 170 171 172 173 173 173 173 173 173 173 173 173 172 170 169 167 165 162 161 161 160 160 159 159 158 157 157 158 159 159 158 158 157 156 156 153 151
167 167 166 166 165 164 164 164 163 163 163 163 164 164 164 165 166 167 168 169 169 170 170 171 171 172 172 172 173 173 173 174 174 174 173 173 172 171 170 169 168 166 161 161 164 166 169 171 172 172 171 170 171 173 173 173 173 173 173 173 172 172 172 172 171 169 168 166 164 162 161 160 160 160 160 160 159 159 159 160 161 161 160 159 158 156 155 152 150
168 168 168 167 166 165 165 164 164 164 164 164 164 164 165 166 167 168 168 169 169 170 171 172 173 173 173 174 174 174 174 174 173 173 172 172 170 169 168 168 167 164 162 164 167 168 169 171 172 172 172 172 172 173 174 173 173 172 172 172 172 172 171 171 170 168 167 166 163 162 161 160 160 160 161 161 161 161 161 162 162 162 162 160 158 156 154 153 152
168 168 168 168 167 167 166 166 165 165 165 165 165 165 165 166 167 168 169 170 170 171 172 173 174 174 175 174 174 174 174 173 173 172 171 170 169 168 167 166 165 164 164 166 169 170 170 171 172 173 173 173 173 174 173 173 172 172 172 171 171 171 171 170 168 167 166 164 162 162 161 161 161 161 162 163 162 162 162 163 163 163 162 160 158 156 155 155 155
169 169 169 169 169 168 168 167 167 167 166 166 166 166 167 167 168 169 170 171 172 173 173 174 175 175 175 175 175 174 173 172 172 171 170 168 167 166 165 165 164 164 165 167 170 171 171 172 173 173 174 174 174 174 174 173 172 172 171 171 171 170 170 169 167 166 165 163 162 162 162 162 162 163 164 164 164 164 164 164 164 163 162 161 159 158 157 157 157
