src/test/resources/data3d/MNT_BD3D.asc
ncols         498
nrows         338
xllcorner     1049205.00
yllcorner     6838745.00
cellsize      10.000000
NODATA_value  -9999.9
[rows 34 to 67 of 338, columns 225 to 299 of 498]
139.1 139.1 139.1 139.1 139.1 139.1 139.1 139.1 139.1 139.0 139.0 138.9 138.9 138.9 138.9 138.9 138.9 138.9 138.9 139.0 139.2 139.4 139.4 139.5 139.5 139.4 139.4 139.3 139.3 139.3 139.2 139.2 139.2 139.1 139.0 139.0 138.9 138.8 138.8 138.8 138.8 138.8 138.8 138.7 138.7 138.7 138.6 138.6 138.6 138.5 138.5 138.5 138.4 -9999.9 -9999.9 -9999.9 -9999.9 -9999.9 -9999.9 -9999.9 -9999.9 -9999.9 -9999.9 -9999.9 -9999.9 -9999.9 -9999.9 -9999.9 -9999.9 -9999.9 -9999.9 -9999.9 -9999.9 -9999.9 -9999.9
139.0 139.0 139.0 139.0 139.1 139.1 139.1 139.1 139.1 139.0 139.0 138.9 141.2 139.4 138.9 138.9 138.9 138.9 139.0 139.1 139.2 139.4 139.4 139.4 139.5 139.5 139.4 139.4 139.4 139.3 139.3 139.3 139.2 139.2 139.2 139.0 138.9 138.9 138.8 138.8 138.8 138.9 138.9 138.9 138.8 138.8 138.7 138.6 138.6 138.5 138.2 138.2 138.3 138.3 138.3 138.4 138.4 -9999.9 -9999.9 -9999.9 -9999.9 -9999.9 -9999.9 -9999.9 -9999.9 -9999.9 -9999.9 -9999.9 -9999.9 -9999.9 -9999.9 -9999.9 -9999.9 -9999.9 -9999.9
138.8 138.9 139.0 139.0 139.0 139.1 139.1 139.0 139.0 139.0 138.9 138.9 139.5 138.9 138.8 138.8 138.8 138.8 138.9 139.0 139.2 139.3 139.4 139.4 139.4 139.5 139.5 139.5 139.5 139.4 139.4 139.3 139.3 139.3 139.2 139.1 139.0 138.9 138.9 138.9 138.9 138.9 139.0 139.0 138.9 138.9 138.9 138.8 138.8 138.7 138.5 138.0 137.9 137.9 138.0 138.1 138.4 138.6 138.7 138.6 138.6 138.5 138.4 138.5 138.5 138.5 138.5 138.4 138.4 138.4 138.3 138.3 138.3 138.3 138.3
138.8 138.9 138.9 139.0 139.0 139.0 139.0 139.0 139.0 139.0 139.0 138.9 138.9 138.8 138.8 138.8 138.8 138.7 138.8 139.0 139.1 139.1 139.3 139.4 139.4 139.5 139.5 139.5 139.5 139.5 139.4 139.4 139.4 139.3 139.2 139.1 139.0 139.0 138.9 138.9 138.9 139.0 139.0 139.0 139.0 139.0 138.9 138.9 138.9 138.8 138.6 138.0 137.6 137.7 137.8 138.1 138.5 138.7 138.9 138.9 138.8 138.7 138.6 138.5 138.6 138.6 138.6 138.6 138.6 138.6 138.5 138.4 138.5 138.4 138.4
138.7 138.8 138.9 138.9 138.9 139.0 139.0 139.0 139.0 139.0 139.0 139.0 139.0 138.9 138.8 138.7 138.7 138.7 138.8 138.9 139.0 139.1 139.2 139.2 139.3 139.4 139.5 139.5 139.5 139.5 139.4 139.4 139.3 139.3 139.2 139.2 139.1 139.0 139.0 139.0 139.0 139.0 139.0 139.0 139.0 139.0 138.9 138.9 138.9 139.0 138.6 137.9 137.3 137.4 137.7 138.2 138.7 138.9 139.0 139.2 139.0 138.8 138.7 138.6 138.6 138.7 138.8 138.8 138.8 138.8 138.7 138.6 138.5 138.6 138.6
138.7 138.8 138.8 138.9 138.9 138.9 139.0 139.0 139.1 139.1 139.1 139.1 139.0 138.9 138.8 138.8 138.7 138.7 138.7 138.9 139.0 139.1 139.1 139.2 139.2 139.3 139.4 139.4 139.5 139.5 139.4 139.4 139.3 139.2 139.2 139.2 139.1 139.0 139.0 139.0 139.0 139.0 139.0 139.0 139.0 139.0 138.9 139.0 139.0 138.9 138.9 138.4 137.7 137.7 138.1 138.6 138.8 138.9 139.1 139.2 139.0 138.8 138.7 138.7 138.7 138.8 138.9 138.9 138.9 138.9 138.8 138.7 138.7 138.6 138.6
138.7 138.7 138.8 138.9 138.9 138.9 138.9 139.0 139.0 139.0 139.1 139.1 139.0 138.9 138.9 138.9 138.9 138.8 138.8 138.9 139.0 139.1 139.1 139.2 139.2 139.2 139.3 139.4 139.4 139.4 139.4 139.3 139.2 139.2 139.1 139.1 139.1 139.1 139.0 139.0 139.0 139.0 139.0 138.9 138.9 139.0 139.0 139.0 138.9 138.8 138.7 138.6 138.4 138.3 138.7 138.8 138.8 138.9 139.0 139.1 139.0 138.8 138.7 138.7 138.7 138.8 138.9 138.9 138.9 138.9 138.9 138.8 138.8 138.7 138.6
138.6 138.7 138.8 138.9 138.9 138.9 138.9 139.0 139.0 139.0 139.1 139.1 139.0 139.0 139.0 139.0 139.0 139.0 139.0 138.9 139.0 139.2 139.1 139.1 139.0 139.2 139.2 139.3 139.3 139.4 139.4 139.3 139.2 139.2 139.1 139.0 139.0 139.1 139.1 139.1 139.0 139.0 139.0 138.9 138.9 139.0 139.0 139.0 138.9 138.8 138.8 138.8 138.7 138.8 138.7 138.8 138.9 138.9 139.0 139.1 139.0 138.9 138.8 138.7 138.7 138.7 138.8 138.9 138.9 138.9 138.9 138.8 138.7 138.7 138.6
138.6 138.7 138.7 138.8 138.8 138.8 138.8 138.9 138.9 139.0 139.1 139.1 139.1 139.1 139.1 139.1 139.1 139.1 139.1 139.1 139.1 139.3 139.2 139.2 139.1 139.1 139.1 139.2 139.3 139.4 139.4 139.3 139.2 139.1 139.0 139.0 139.0 139.0 139.1 139.1 139.1 139.0 139.0 138.9 138.9 138.9 139.1 139.1 139.1 139.1 139.1 139.0 139.0 138.9 138.9 138.8 138.9 138.9 139.0 139.0 138.9 138.8 138.7 138.7 138.6 138.7 138.8 138.8 138.8 138.8 138.8 138.8 138.7 138.7 138.6
138.6 138.7 138.7 138.7 138.7 138.7 138.7 138.8 138.9 139.0 139.0 139.1 139.1 139.1 139.1 139.1 139.1 139.1 139.1 139.1 139.2 139.3 139.2 139.2 139.1 139.1 139.2 139.3 139.3 139.4 139.4 139.3 139.2 139.2 139.1 139.0 139.1 139.0 139.0 139.0 139.0 139.0 139.0 138.9 138.9 139.0 139.0 139.1 139.1 139.1 139.2 139.2 139.2 139.0 139.0 139.0 138.9 139.0 139.0 139.0 138.9 138.8 138.7 138.7 138.6 138.7 138.8 138.8 138.7 138.7 138.7 138.7 138.7 138.7 138.7
138.6 138.6 138.7 138.7 138.7 138.7 138.8 138.8 138.9 138.9 139.0 139.0 139.0 139.1 139.1 139.1 139.2 139.1 139.1 139.1 139.2 139.3 139.2 139.2 139.2 139.2 139.4 139.3 139.4 139.4 139.4 139.3 139.3 139.3 139.2 139.2 139.1 139.0 139.0 139.0 138.9 139.0 139.0 139.0 138.9 139.0 139.0 139.0 139.1 139.1 139.1 139.2 139.2 139.1 139.1 139.0 139.0 139.0 139.0 139.0 138.9 138.9 138.8 138.7 138.6 138.7 138.8 138.7 138.7 138.6 138.6 138.6 138.7 138.8 138.7
138.7 138.7 138.7 138.7 138.8 138.8 138.8 138.8 138.9 138.9 139.0 139.0 139.0 139.0 139.1 139.1 139.1 139.2 139.2 139.2 139.2 139.3 139.3 139.3 139.3 139.3 139.5 139.6 139.5 139.5 139.5 139.4 139.4 139.5 139.5 139.5 139.4 139.2 139.1 139.0 139.0 138.9 139.0 139.0 139.0 139.0 139.0 139.0 139.0 139.1 139.2 139.2 139.1 139.1 139.1 139.1 139.0 139.1 139.0 139.0 139.0 138.9 138.9 138.8 138.7 138.8 138.8 138.8 138.7 138.6 138.6 138.8 138.9 138.9 138.8
138.8 138.8 138.8 138.8 138.8 138.9 138.9 138.9 138.9 138.9 139.0 139.0 139.0 139.0 139.1 139.1 139.1 139.1 139.1 139.2 139.2 139.3 139.3 139.4 139.4 139.4 139.6 139.7 139.8 139.7 139.7 139.7 139.7 139.8 139.9 139.8 139.7 139.7 139.5 139.4 139.3 139.2 139.1 139.1 139.1 139.2 139.3 139.3 139.3 139.3 139.3 139.3 139.1 139.1 139.1 139.1 139.1 139.1 139.1 139.1 139.0 139.0 138.9 138.9 138.9 138.9 138.9 138.8 138.7 138.6 138.5 138.7 138.8 138.9 138.9
138.9 138.9 138.9 138.9 138.9 138.9 138.9 139.0 139.0 139.0 139.0 139.0 138.9 138.9 138.9 138.9 139.0 139.0 139.0 139.0 139.1 139.3 139.4 139.5 139.5 139.5 139.7 139.8 140.0 139.9 139.9 140.0 140.0 139.9 139.9 139.9 139.8 139.8 139.8 139.7 139.5 139.2 139.1 139.1 139.3 139.5 139.6 139.6 139.6 139.6 139.5 139.4 139.3 139.3 139.1 139.2 139.2 139.2 139.1 139.1 139.1 139.0 139.0 139.0 139.0 139.1 138.9 138.8 138.7 138.6 138.5 138.6 138.6 138.7 138.9
138.9 139.0 139.1 139.0 139.0 139.0 139.0 139.1 139.1 139.1 139.1 139.0 139.0 139.0 139.0 138.9 138.9 138.9 138.9 138.9 139.1 139.2 139.4 139.5 139.6 139.6 139.8 139.9 139.9 139.9 139.9 139.9 139.8 139.8 139.8 139.8 139.7 139.7 139.6 139.6 139.4 139.3 139.1 139.1 139.3 139.5 139.6 139.6 139.7 139.7 139.6 139.5 139.4 139.3 139.2 139.2 139.2 139.2 139.2 139.1 139.1 139.1 139.1 139.1 139.1 139.2 139.1 138.9 138.7 138.6 138.5 138.4 138.5 138.6 138.7
138.9 139.0 139.1 139.0 139.0 139.1 139.1 139.1 139.1 139.1 139.2 139.1 139.0 139.0 139.0 139.0 139.0 138.9 138.9 138.9 139.1 139.2 139.4 139.5 139.7 139.7 139.9 139.9 139.8 139.8 139.8 139.8 139.7 139.7 139.7 139.6 139.6 139.5 139.5 139.4 139.3 139.3 139.1 139.0 139.2 139.4 139.5 139.5 139.7 139.7 139.6 139.5 139.4 139.3 139.2 139.2 139.1 139.1 139.1 139.1 139.1 139.1 139.1 139.1 139.2 139.3 139.1 138.9 138.7 138.6 138.4 138.3 138.5 138.6 138.8
138.9 139.0 139.0 139.0 139.0 139.1 139.1 139.1 139.1 139.2 139.2 139.2 139.1 139.1 139.0 139.0 139.0 138.9 138.9 138.9 139.2 139.3 139.4 139.6 139.7 139.8 139.9 139.8 139.7 139.7 139.6 139.6 139.6 139.6 139.5 139.5 139.5 139.4 139.3 139.3 139.2 139.2 139.2 139.0 139.2 139.3 139.3 139.5 139.6 139.6 139.6 139.6 139.4 139.3 139.2 139.1 139.0 139.1 139.1 139.0 139.0 139.0 139.0 139.1 139.2 139.3 139.1 138.9 138.7 138.6 138.6 138.4 138.5 138.7 138.8
138.9 139.0 139.0 139.0 139.1 139.1 139.1 139.2 139.2 139.2 139.3 139.2 139.2 139.1 139.1 139.1 139.0 139.0 139.0 139.0 139.2 139.3 139.4 139.5 139.6 139.7 139.7 139.6 139.6 139.6 139.5 139.4 139.5 139.5 139.4 139.4 139.3 139.3 139.2 139.2 139.1 139.1 139.0 139.0 139.1 139.2 139.2 139.4 139.5 139.6 139.6 139.6 139.4 139.3 139.2 139.0 138.9 138.9 139.0 139.0 139.0 139.0 139.1 139.1 139.3 139.4 139.2 139.1 138.9 138.7 138.7 138.6 138.7 138.8 138.9
138.8 138.8 138.9 139.0 139.0 139.0 139.1 139.1 139.1 139.1 139.2 139.2 139.2 139.2 139.2 139.2 139.1 139.1 139.1 139.1 139.2 139.4 139.4 139.4 139.5 139.5 139.5 139.5 139.5 139.5 139.4 139.3 139.3 139.3 139.3 139.3 139.3 139.2 139.2 139.2 139.2 139.1 139.0 139.0 139.0 139.1 139.1 139.3 139.4 139.5 139.6 139.6 139.4 139.3 139.1 138.9 138.8 138.8 138.9 138.9 139.0 139.1 139.1 139.2 139.4 139.5 139.3 139.1 138.8 138.6 138.6 138.5 138.6 138.8 138.9
138.7 138.7 138.7 138.8 138.9 138.9 138.9 139.0 139.0 139.1 139.1 139.2 139.2 139.2 139.2 139.2 139.1 139.1 139.1 139.1 139.2 139.2 139.3 139.3 139.3 139.3 139.3 139.3 139.4 139.4 139.3 139.2 139.2 139.2 139.2 139.2 139.2 139.2 139.1 139.2 139.1 139.1 139.0 139.0 138.9 139.0 139.0 139.2 139.3 139.4 139.4 139.4 139.4 139.3 139.0 138.9 138.9 138.9 138.9 138.9 139.0 139.0 139.1 139.2 139.4 139.5 139.3 139.0 138.8 138.6 138.4 138.4 138.6 138.7 138.8
138.8 138.7 138.7 138.7 138.8 138.8 138.9 139.0 139.0 139.1 139.2 139.2 139.2 139.2 139.2 139.2 139.1 139.1 139.1 139.1 139.2 139.1 139.2 139.2 139.2 139.2 139.1 139.2 139.2 139.2 139.2 139.1 139.1 139.1 139.1 139.1 139.1 139.1 139.1 139.1 139.1 139.0 139.0 138.9 138.9 138.9 138.9 139.0 139.1 139.2 139.3 139.3 139.3 139.2 139.1 139.0 139.0 139.0 138.9 138.8 138.9 139.0 139.1 139.2 139.4 139.4 139.2 139.0 138.8 138.6 138.4 138.3 138.5 138.7 138.8
138.8 138.8 138.8 138.8 138.8 138.9 138.9 139.0 139.1 139.1 139.2 139.2 139.2 139.2 139.2 139.2 139.2 139.2 139.1 139.1 139.2 139.1 139.1 139.1 139.1 139.1 139.0 139.1 139.1 139.1 139.1 139.1 139.0 139.0 139.0 139.1 139.1 139.1 139.1 139.1 139.0 139.0 138.9 138.9 138.9 138.9 138.9 139.0 139.0 139.1 139.2 139.2 139.2 139.3 139.2 139.1 139.0 139.0 138.9 138.9 138.9 139.0 139.0 139.1 139.3 139.3 139.1 138.9 138.7 138.5 138.3 138.4 138.5 138.7 138.8
138.8 138.8 138.8 138.9 138.9 139.0 139.0 139.0 139.1 139.1 139.2 139.2 139.2 139.2 139.2 139.2 139.2 139.2 139.2 139.2 139.2 139.1 139.0 139.0 139.0 139.0 139.0 139.0 139.0 139.0 139.0 139.0 139.0 139.0 139.0 139.0 139.0 139.0 139.0 139.0 139.0 138.9 138.9 138.9 138.9 138.9 138.9 139.0 139.0 139.0 139.1 139.1 139.2 139.2 139.1 139.1 139.1 139.0 138.9 138.9 138.9 138.9 139.0 139.0 139.1 139.1 139.0 138.8 138.6 138.4 138.3 138.4 138.5 138.7 138.8
138.8 138.9 138.9 138.9 139.0 139.0 139.1 139.1 139.2 139.2 139.2 139.2 139.2 139.2 139.2 139.2 139.2 139.2 139.2 139.2 139.2 139.1 139.1 139.0 139.0 138.9 138.9 138.9 138.9 138.9 139.0 138.9 139.0 139.0 139.0 139.0 138.9 138.9 138.9 138.9 139.0 138.9 139.0 139.1 139.0 139.0 138.9 138.9 139.0 139.0 139.0 139.0 139.2 139.3 139.3 139.2 139.2 139.2 139.0 138.9 138.9 138.9 138.9 138.9 139.0 138.9 138.8 138.7 138.6 138.5 138.4 138.5 138.6 138.6 138.7
138.9 139.0 139.0 139.0 139.1 139.1 139.1 139.2 139.2 139.3 139.3 139.3 139.3 139.3 139.3 139.3 139.3 139.3 139.3 139.3 139.3 139.2 139.1 139.1 139.0 139.0 138.9 138.9 138.9 138.9 141.7 140.1 139.0 139.0 139.0 139.0 138.9 138.8 138.7 138.9 139.0 139.0 139.1 139.2 139.1 139.0 138.9 138.9 138.9 139.0 139.0 138.9 139.2 139.5 139.4 139.5 139.4 139.3 139.1 138.9 138.9 138.9 138.8 138.9 138.9 138.8 138.8 138.7 138.6 138.5 138.4 138.5 138.6 138.7 138.7
139.0 139.1 139.1 139.1 139.1 139.2 139.2 139.3 139.3 139.4 139.4 139.3 139.3 139.3 139.3 139.3 139.3 139.3 139.3 139.3 139.3 139.2 139.2 139.1 139.0 138.9 138.9 138.9 138.9 142.1 142.5 141.4 139.9 139.0 139.0 138.9 138.8 138.7 138.6 138.8 138.9 139.0 139.1 139.2 139.1 139.0 139.0 139.0 138.9 138.9 138.9 138.9 139.2 139.5 139.6 139.7 139.6 139.5 139.2 138.9 138.9 138.8 138.8 138.8 138.9 138.8 138.8 138.7 138.7 138.6 138.6 138.5 138.6 138.7 138.7
139.1 139.2 139.2 139.2 139.2 139.2 139.3 139.3 139.3 139.4 139.4 139.4 139.3 139.3 139.3 139.3 139.3 139.3 139.3 139.4 139.4 139.3 139.2 139.1 139.1 139.0 139.0 139.0 138.9 139.9 140.4 139.3 139.0 139.0 139.0 138.9 138.7 138.7 138.6 138.8 138.9 139.1 139.2 139.2 139.1 139.0 139.0 139.0 139.0 138.8 138.8 138.8 139.1 139.5 139.8 139.9 139.8 139.6 139.2 138.9 138.8 138.8 138.8 138.8 138.9 138.9 138.8 138.8 138.7 138.7 138.7 138.7 138.7 138.7 138.7
139.1 139.1 139.1 139.2 139.3 139.3 139.3 139.3 139.3 139.4 139.4 139.4 139.4 139.4 139.4 139.3 139.3 139.3 139.3 139.4 139.4 139.3 139.3 139.2 139.2 139.1 139.1 139.0 139.0 139.0 139.0 139.0 139.0 139.0 139.0 138.9 138.8 138.8 138.8 138.9 139.0 139.1 139.2 139.1 139.1 139.0 138.9 138.9 138.8 138.5 138.6 138.7 139.0 139.4 139.4 139.6 139.8 139.6 139.3 138.9 138.8 138.9 138.9 138.9 138.9 138.9 138.8 138.8 138.8 138.8 138.8 138.9 138.9 138.9 138.9
139.1 139.1 139.1 139.2 139.3 139.3 139.3 139.3 139.3 139.4 139.4 139.3 139.3 139.3 139.3 139.3 139.3 139.3 139.3 139.4 139.4 139.4 139.3 139.3 139.3 139.1 139.1 139.1 139.1 139.0 139.0 139.0 139.0 139.0 139.0 139.0 139.0 139.0 139.1 139.1 139.1 139.1 139.1 139.1 139.0 139.0 138.9 138.8 138.5 138.3 138.4 138.5 138.7 138.8 138.6 138.7 139.6 139.6 139.3 138.9 138.9 138.9 138.9 138.9 138.8 138.8 138.9 138.9 138.9 138.8 138.9 139.0 139.2 139.2 139.2
139.1 139.0 139.0 139.1 139.2 139.2 139.2 139.2 139.2 139.3 139.3 139.2 139.2 139.2 139.2 139.2 139.2 139.2 139.3 139.4 139.4 139.4 139.4 139.3 139.3 139.2 139.2 139.1 139.1 139.1 139.0 139.0 139.0 139.0 139.1 139.1 139.1 139.2 139.2 139.2 139.1 139.1 139.0 139.0 139.0 139.0 138.9 138.6 138.4 138.3 138.3 138.3 138.4 138.1 137.8 139.3 139.4 139.6 139.3 139.0 139.0 139.0 138.9 138.9 138.9 138.9 139.0 139.0 139.0 139.0 139.0 139.2 139.4 139.5 139.6
139.1 139.0 139.0 139.1 139.1 139.1 139.1 139.2 139.2 139.2 139.1 139.1 139.1 139.1 139.1 139.1 139.1 139.2 139.5 139.5 139.5 139.5 139.4 139.4 139.4 139.2 139.2 139.1 139.1 139.1 139.1 139.0 139.0 139.0 139.1 139.2 139.2 139.3 139.3 139.2 139.2 139.1 139.0 139.0 139.1 139.1 138.9 138.7 138.5 138.3 138.2 138.2 138.0 137.6 137.3 139.1 139.3 139.4 139.3 139.1 139.0 139.0 139.0 139.0 138.9 139.0 139.0 139.0 139.1 139.1 139.1 139.2 139.5 139.7 140.0
139.0 139.0 139.0 139.0 139.1 139.1 139.1 139.1 139.1 139.1 139.0 138.9 138.9 138.9 139.0 139.1 139.0 139.3 139.4 139.5 139.5 139.5 139.5 139.5 139.5 139.1 139.3 139.3 139.1 139.2 139.1 139.0 139.0 139.0 139.1 139.1 139.3 139.3 139.4 139.3 139.2 139.1 139.1 139.0 139.1 139.1 139.1 138.8 138.6 138.4 138.2 138.0 137.7 137.4 137.4 139.3 139.2 139.2 139.3 139.1 139.1 139.1 139.0 139.0 139.0 139.1 139.1 139.1 139.1 139.2 139.2 139.2 139.5 139.9 140.1
139.0 139.0 139.0 139.0 139.0 139.0 139.1 139.1 139.1 139.1 138.9 138.9 138.8 138.8 138.9 138.9 139.0 139.2 139.4 139.4 139.5 139.6 139.6 139.6 139.6 139.6 139.5 139.5 139.3 139.3 139.2 139.1 139.0 139.0 139.0 139.1 139.2 139.4 139.4 139.4 139.3 139.1 139.1 139.1 139.1 139.2 139.2 139.0 138.7 138.5 138.2 137.9 137.6 137.7 137.8 137.9 139.1 139.2 139.2 139.2 139.1 139.1 139.0 139.0 139.0 139.1 139.1 139.1 139.2 139.2 139.2 139.3 139.7 140.1 140.2
139.0 139.0 139.1 139.0 139.0 139.0 139.1 139.1 139.1 139.0 139.0 138.9 138.8 138.8 138.9 138.9 139.0 139.2 139.4 139.5 139.6 139.7 139.7 139.7 139.7 139.7 139.6 139.5 139.4 139.3 139.2 139.1 139.1 139.1 139.1 139.1 139.2 139.3 139.4 139.4 139.3 139.1 139.1 139.1 139.1 139.1 139.2 139.0 138.8 138.5 138.2 138.0 138.1 138.1 138.2 138.3 138.4 138.8 139.2 139.1 139.1 139.1 139.0 139.0 139.1 139.1 139.2 139.2 139.2 139.3 139.4 139.5 139.9 140.2 140.1
