src/test/resources/data3d/MNT_BD3D.asc
ncols         498
nrows         338
xllcorner     1049205.00
yllcorner     6838745.00
cellsize      10.000000
NODATA_value  -9999.9
[rows 102 to 135 of 338, columns 75 to 149 of 498]
139.5 139.4 139.4 139.5 139.6 139.6 139.7 139.8 140.0 139.9 139.8 139.8 139.7 139.6 139.6 139.7 139.7 139.7 139.7 139.8 139.8 139.8 139.8 139.8 139.7 139.7 139.8 139.9 140.0 140.1 140.2 140.2 140.2 140.3 140.4 140.5 140.5 140.5 140.5 140.4 140.5 140.5 140.6 140.6 140.6 140.5 140.5 140.6 140.7 140.7 140.7 140.7 140.6 140.6 140.6 140.6 140.6 140.5 140.5 140.5 140.5 140.3 140.1 139.5 139.6 142.6 141.5 141.5 141.4 140.7 140.7 140.7 141.9 141.9 142.2
139.6 139.5 139.5 139.6 139.8 139.8 139.7 139.7 139.9 139.9 139.9 139.8 139.7 139.6 139.6 139.7 139.7 139.8 139.8 139.8 139.8 139.9 139.9 139.9 139.8 139.9 139.9 140.0 140.1 140.2 140.1 140.1 140.2 140.3 140.3 140.4 140.4 140.5 140.4 140.4 140.5 140.6 140.6 140.6 140.6 140.5 140.5 140.6 140.7 140.7 140.7 140.7 140.7 140.7 140.6 140.6 140.6 140.6 140.6 140.5 140.5 140.4 140.1 139.4 139.7 142.6 143.0 141.9 141.8 141.0 141.0 141.8 142.5 142.7 142.6
139.7 139.6 139.7 139.8 139.9 139.9 139.9 139.8 139.9 139.9 139.8 139.8 139.7 139.6 139.6 139.7 139.8 139.8 139.8 139.8 139.8 139.8 139.9 140.0 139.9 140.0 140.0 140.1 140.2 140.2 140.2 140.2 140.2 140.2 140.4 140.4 140.5 140.5 140.4 140.4 140.4 140.5 140.6 140.6 140.6 140.5 140.6 140.7 140.7 140.7 140.7 140.7 140.7 140.7 140.7 140.7 140.6 140.6 140.6 140.6 140.5 140.5 140.2 139.5 139.7 142.7 144.5 142.3 142.2 141.3 141.3 143.0 143.2 143.4 142.9
139.8 139.7 139.8 139.9 140.0 140.0 139.9 139.9 139.9 139.8 139.8 139.7 139.7 139.6 139.6 139.8 139.9 139.9 139.9 139.9 139.9 139.9 139.9 139.9 140.0 140.1 140.1 140.1 140.2 140.2 140.2 140.2 140.3 140.3 140.4 140.4 140.4 140.4 140.3 140.3 140.4 140.5 140.6 140.6 140.6 140.6 140.6 140.7 140.7 140.7 140.7 140.7 140.7 140.7 140.7 140.7 140.7 140.6 140.6 140.6 140.6 140.5 140.2 140.0 139.7 142.7 145.8 143.4 142.7 141.6 142.8 143.6 144.0 143.7 143.4
139.8 139.8 139.8 139.8 139.9 139.9 139.9 139.9 139.9 139.8 139.8 139.7 139.7 139.7 139.7 139.9 139.9 139.9 139.9 140.0 140.0 140.0 140.0 140.0 140.1 140.1 140.2 140.2 140.3 140.3 140.3 140.3 140.3 140.3 140.3 140.3 140.3 140.3 140.3 140.2 140.3 140.4 140.6 140.6 140.5 140.6 140.6 140.6 140.8 140.8 140.7 140.7 140.7 140.7 140.7 140.7 140.7 140.7 140.7 140.6 140.6 140.5 140.3 140.0 141.2 142.8 145.9 144.9 143.0 142.4 144.1 144.5 144.5 144.1 143.8
139.9 139.8 139.7 139.8 139.8 139.8 139.8 139.9 139.9 139.8 139.8 139.7 139.7 139.8 139.8 140.0 140.0 140.0 140.0 140.0 140.0 140.1 140.0 140.0 140.1 140.2 140.2 140.2 140.2 140.2 140.3 140.2 140.2 140.2 140.2 140.2 140.2 140.2 140.2 140.2 140.2 140.4 140.6 140.6 140.5 140.6 140.6 140.6 140.8 140.8 140.8 140.8 140.7 140.7 140.7 140.7 140.7 140.8 141.0 141.1 140.9 140.8 141.6 144.4 146.8 146.6 146.7 145.5 145.1 144.7 144.9 145.3 144.9 144.4 142.9
139.8 139.8 139.7 139.7 139.7 139.7 139.8 139.8 139.8 139.8 139.8 139.8 139.8 139.8 139.9 140.0 140.1 140.1 140.1 140.1 140.1 140.1 140.2 140.2 140.1 140.1 140.0 140.0 140.0 140.1 140.2 140.2 140.2 140.2 140.1 140.1 140.2 140.2 140.2 140.1 140.1 140.3 140.6 140.6 140.5 140.6 140.7 140.7 140.7 140.8 140.8 140.8 140.8 140.7 140.7 140.7 140.8 140.9 141.3 141.6 141.8 141.8 141.8 146.2 147.2 146.9 146.3 141.7 140.4 144.1 145.8 145.7 145.2 144.6 143.1
139.8 139.7 139.6 139.6 139.6 139.7 139.7 139.8 139.8 139.8 139.8 139.9 139.9 139.9 140.0 140.1 140.2 140.2 140.2 140.2 140.3 140.2 140.0 139.9 139.7 139.8 139.8 139.8 139.9 140.0 140.1 140.2 140.1 140.1 140.1 140.1 140.1 140.1 140.1 140.0 140.1 140.3 140.6 140.6 140.6 140.7 140.7 140.7 140.8 140.8 140.8 140.8 140.8 140.8 140.8 140.7 140.9 141.2 141.5 141.9 142.2 142.5 142.6 146.3 145.5 143.7 142.0 140.4 144.5 145.5 146.3 146.0 145.5 143.6 143.1
139.8 139.7 139.7 139.7 139.7 139.7 139.7 139.8 139.8 139.9 139.9 139.9 140.0 140.0 140.1 140.2 140.3 140.3 140.2 140.0 139.9 139.8 139.6 139.5 139.6 139.6 139.6 139.7 139.8 139.9 140.0 140.1 140.1 140.1 140.1 140.0 140.0 140.0 140.0 140.0 140.0 140.2 140.6 140.6 140.6 140.7 140.7 140.7 140.7 140.8 140.8 140.8 140.8 140.8 140.8 140.8 141.1 141.5 141.8 142.1 142.5 142.8 143.1 144.3 143.3 142.2 142.7 140.8 141.5 142.0 146.3 146.3 145.4 143.7 143.1
139.8 139.8 139.8 139.8 139.8 139.8 139.8 139.9 139.9 139.9 139.9 139.9 140.0 140.2 140.3 140.3 140.2 140.1 139.8 139.7 139.5 139.4 139.2 139.2 139.4 139.4 139.5 139.6 139.7 139.8 139.9 140.0 140.1 140.1 140.0 140.0 140.0 139.9 139.9 139.9 139.9 140.2 140.6 140.6 140.7 140.7 140.7 140.7 140.7 140.8 140.8 140.8 140.8 140.8 140.8 141.1 141.4 141.8 142.1 142.4 142.7 143.1 143.4 143.6 144.5 145.0 143.5 141.5 140.8 140.8 146.3 146.2 144.4 143.7 143.2
140.0 140.0 140.0 140.0 140.0 139.9 139.9 139.9 140.0 140.0 140.1 140.0 140.1 140.1 140.1 140.1 139.9 139.8 139.6 139.3 139.1 139.0 138.8 139.2 139.2 139.3 139.4 139.5 139.6 139.7 139.8 139.9 140.0 140.1 140.0 140.0 139.9 139.9 139.9 139.9 139.9 140.1 140.5 140.6 140.7 140.7 140.7 140.8 140.8 140.8 140.8 140.8 140.8 140.8 141.0 141.4 141.7 142.0 142.4 142.7 143.0 143.1 143.0 142.8 144.2 146.6 144.7 142.5 143.3 144.1 144.9 146.0 143.9 142.5 142.7
140.1 140.2 140.3 140.2 140.1 140.0 139.9 140.0 140.1 140.1 140.2 140.1 140.0 139.8 139.7 139.7 139.7 139.6 139.3 139.0 138.7 138.6 138.8 139.0 139.1 139.2 139.3 139.4 139.5 139.6 139.7 139.8 139.9 140.0 140.0 139.9 139.9 139.9 139.8 139.8 139.8 140.1 140.5 140.6 140.7 140.7 140.8 140.8 140.8 140.9 140.8 140.8 140.8 141.0 141.3 141.6 142.0 142.3 142.6 142.6 142.4 142.3 142.2 142.2 142.3 143.9 145.1 145.4 145.7 145.9 146.2 146.5 144.8 143.4 142.9
140.3 140.5 140.4 140.4 140.3 140.2 140.1 140.1 140.1 140.1 140.1 140.0 140.0 139.9 139.8 139.4 139.4 139.3 139.1 138.8 138.5 138.2 138.8 138.9 139.0 139.1 139.2 139.3 139.4 139.5 139.6 139.7 139.8 139.9 140.0 140.0 139.9 139.8 139.8 139.7 139.7 140.0 140.4 140.6 140.8 140.8 140.8 140.8 140.8 140.8 140.9 140.9 140.9 141.2 141.6 141.9 142.2 142.1 141.9 141.9 141.9 142.0 142.1 142.2 141.9 141.6 142.9 145.1 145.7 145.9 146.2 146.5 145.7 144.5 143.8
140.4 140.3 140.3 140.2 140.1 140.0 140.0 140.0 140.0 140.1 140.0 139.9 139.9 139.8 139.7 139.6 139.5 139.0 138.9 138.5 138.5 138.9 138.7 138.7 138.8 138.9 139.0 139.1 139.2 139.4 139.5 139.6 139.7 139.8 139.9 140.0 139.9 139.8 139.7 139.7 139.6 140.0 140.4 140.6 140.8 140.8 140.8 140.8 140.8 140.9 140.9 140.9 141.2 141.5 141.7 141.5 141.5 141.6 141.7 141.8 141.9 142.0 142.1 142.2 141.6 141.6 141.6 142.0 144.5 145.5 146.2 146.5 146.7 145.6 145.8
140.2 140.2 140.1 140.0 139.9 139.9 140.0 140.0 140.0 140.0 139.9 139.8 139.8 139.7 139.6 139.5 139.4 139.3 139.2 139.0 139.1 139.2 139.1 138.8 138.8 138.7 138.8 139.0 139.1 139.2 139.3 139.4 139.5 139.6 139.7 139.8 139.9 139.8 139.7 139.7 139.6 139.9 140.3 140.7 140.8 140.8 140.8 140.8 140.9 140.9 140.9 141.1 141.2 141.2 141.3 141.4 141.5 141.6 141.7 141.8 141.9 142.0 142.1 141.7 141.6 141.6 141.7 141.7 141.7 144.0 145.0 145.9 146.7 146.6 145.7
140.0 140.0 139.9 139.9 139.8 139.7 139.9 139.9 139.9 139.9 139.8 139.8 139.7 139.6 139.5 139.4 139.3 139.3 139.3 139.2 139.2 139.3 139.3 139.3 139.0 138.9 138.8 138.8 138.7 138.8 139.1 139.3 139.4 139.5 139.6 139.7 139.8 139.9 139.7 139.6 139.6 140.0 140.4 140.7 141.0 141.0 141.0 141.0 141.0 141.0 140.9 141.0 141.1 141.2 141.3 141.4 141.5 141.6 141.7 141.8 141.9 142.0 141.9 141.6 141.6 141.7 141.7 141.7 141.8 141.8 143.1 144.5 145.4 146.7 145.7
139.8 139.8 139.8 139.7 139.6 139.5 139.9 139.9 139.9 139.8 139.7 139.7 139.6 139.5 139.4 139.3 139.3 139.4 139.4 139.3 139.2 139.3 139.3 139.3 139.3 139.2 139.0 138.9 138.9 138.8 138.8 138.7 138.9 139.2 139.4 139.6 139.7 139.8 139.8 139.6 139.7 140.0 140.3 140.7 140.9 141.1 141.2 141.2 141.1 141.1 141.0 141.0 141.1 141.2 141.3 141.4 141.5 141.6 141.7 141.7 141.8 141.9 141.5 141.7 141.7 141.7 141.7 141.8 141.8 141.8 141.9 142.5 143.9 145.3 145.7
139.6 139.6 139.6 139.5 139.5 139.4 139.8 139.8 139.8 139.7 139.6 139.6 139.5 139.4 139.3 139.4 139.5 139.5 139.5 139.4 139.3 139.3 139.4 139.4 139.4 139.4 139.4 139.1 139.1 139.0 139.0 138.9 138.9 138.8 138.8 138.9 139.3 139.5 139.6 139.6 139.7 139.9 140.3 140.6 140.9 141.2 141.3 141.3 141.3 141.1 141.1 141.0 141.1 141.2 141.3 141.4 141.4 141.5 141.6 141.7 141.8 141.7 141.6 141.7 141.7 141.8 141.8 141.8 141.8 141.9 141.9 141.9 142.2 143.5 144.6
139.4 139.4 139.4 139.4 139.3 139.3 139.8 139.8 139.7 139.6 139.5 139.5 139.4 139.4 139.5 139.5 139.6 139.7 139.6 139.4 139.3 139.3 139.4 139.4 139.4 139.4 139.4 139.4 139.3 139.2 139.1 139.1 139.0 139.0 138.9 138.9 138.8 138.6 139.1 139.4 139.6 139.9 140.2 140.5 140.9 141.2 141.4 141.5 141.5 141.2 141.1 141.1 141.1 141.1 141.2 141.3 141.4 141.5 141.6 141.7 141.8 141.5 141.7 141.7 141.8 141.8 141.8 141.9 141.9 141.9 141.9 142.0 141.9 141.8 142.8
139.2 139.2 139.2 139.2 139.1 139.3 139.7 139.7 139.6 139.5 139.5 139.4 139.5 139.5 139.6 139.7 139.8 139.8 139.7 139.5 139.4 139.4 139.5 139.5 139.5 139.5 139.5 139.5 139.5 139.5 139.3 139.2 139.2 139.1 139.1 139.1 138.5 138.1 138.7 139.1 139.4 139.7 140.1 140.4 140.7 141.1 141.4 141.5 141.8 141.5 141.2 141.2 141.2 141.1 141.2 141.3 141.4 141.5 141.6 141.7 141.5 141.6 141.7 141.8 141.8 141.8 141.9 141.9 141.9 142.0 142.0 141.8 141.6 141.5 141.3
139.1 139.0 139.0 139.0 139.0 139.2 139.6 139.6 139.5 139.4 139.5 139.5 139.6 139.7 139.7 139.8 139.9 139.9 139.8 139.6 139.5 139.4 139.5 139.5 139.5 139.5 139.5 139.5 139.5 139.5 139.5 139.4 139.4 139.3 139.3 138.7 138.8 138.6 138.9 139.0 139.3 139.6 139.9 140.2 140.6 141.0 141.4 141.8 142.1 141.9 141.6 141.3 141.2 141.2 141.2 141.3 141.4 141.5 141.6 141.7 141.5 141.7 141.8 141.8 141.8 141.9 141.9 141.9 142.0 141.9 141.7 141.5 141.3 141.2 141.0
138.9 138.9 138.9 138.9 138.8 139.2 139.6 139.5 139.5 139.5 139.6 139.7 139.7 139.8 139.9 140.0 140.0 140.0 139.9 139.7 139.6 139.5 139.5 139.6 139.6 139.6 139.6 139.6 139.6 139.6 139.6 139.6 139.5 139.5 139.4 139.4 139.2 138.9 138.9 139.0 139.2 139.5 139.8 140.1 140.4 140.7 141.2 141.7 142.0 142.1 141.9 141.7 141.4 141.3 141.3 141.3 141.4 141.5 141.6 141.5 141.6 141.8 141.8 141.8 141.9 141.9 141.9 141.9 141.7 141.6 141.4 141.2 141.1 140.9 140.7
138.7 138.7 138.7 138.7 138.7 139.1 139.5 139.5 139.6 139.7 139.7 139.8 139.9 140.0 140.0 140.1 140.2 140.1 140.0 139.8 139.7 139.5 139.6 139.6 139.6 139.6 139.6 139.6 139.6 139.6 139.6 139.6 139.7 139.8 139.9 139.9 139.6 139.3 139.1 139.0 139.2 139.4 139.6 139.9 140.2 140.5 140.9 141.0 141.4 141.6 141.8 141.9 141.7 141.5 141.4 141.3 141.3 141.4 141.5 141.6 141.7 141.8 141.9 141.9 141.9 141.9 141.8 141.6 141.4 141.3 141.1 140.9 140.8 140.6 140.4
138.5 138.5 138.5 138.6 138.9 139.3 139.5 139.7 139.7 139.8 139.9 139.9 140.0 140.1 140.2 140.2 140.3 140.2 140.1 139.9 139.8 139.6 139.6 139.6 139.6 139.6 139.7 139.7 139.7 139.7 139.8 139.9 139.9 140.1 140.0 139.8 139.7 139.5 139.3 139.2 139.2 139.4 139.6 139.8 140.1 140.3 140.4 140.4 140.6 140.8 141.0 141.4 141.6 141.8 141.5 141.4 141.4 141.4 141.5 141.7 141.8 141.9 141.9 141.9 141.8 141.7 141.5 141.3 141.2 141.0 140.8 140.7 140.5 140.3 140.2
138.7 138.7 138.7 138.7 139.5 139.5 139.5 139.7 139.9 139.9 140.0 140.1 140.2 140.2 140.3 140.4 140.4 140.3 140.1 140.0 139.8 139.7 139.6 139.7 139.7 139.8 139.8 139.8 139.9 139.9 139.9 140.0 140.2 140.3 140.2 140.0 139.8 139.5 139.4 139.3 139.4 139.5 139.6 139.8 140.0 140.2 140.1 140.2 140.3 140.5 140.6 140.8 140.9 141.1 141.4 141.6 141.5 141.4 141.6 141.8 141.9 141.9 141.9 141.7 141.5 141.4 141.2 141.0 140.9 140.7 140.5 140.4 140.2 140.0 139.9
138.8 138.9 138.9 139.3 139.4 139.5 139.5 139.6 139.8 140.0 140.2 140.2 140.3 140.4 140.4 140.5 140.5 140.4 140.2 140.1 139.9 139.8 139.6 139.6 139.7 139.8 139.8 139.8 139.9 139.9 140.1 140.3 140.5 140.6 140.4 140.2 139.9 139.5 139.5 139.6 139.6 139.7 139.8 139.8 139.9 139.9 140.0 140.2 140.3 140.5 140.6 140.7 140.9 141.0 141.2 141.3 141.4 141.5 141.7 141.9 141.9 141.8 141.6 141.4 141.3 141.1 140.9 140.8 140.6 140.4 140.3 140.1 140.0 139.9 139.7
139.0 139.0 139.0 139.2 139.3 139.3 139.3 139.5 139.7 139.9 140.1 140.3 140.4 140.5 140.6 140.6 140.6 140.5 140.3 140.2 140.0 139.9 139.6 139.5 139.7 139.7 139.8 139.8 140.0 140.2 140.4 140.6 140.7 140.7 140.7 140.4 140.0 139.8 139.9 139.9 139.9 140.0 140.0 139.9 139.8 139.9 140.0 140.2 140.3 140.5 140.6 140.8 140.9 141.1 141.2 141.4 141.5 141.7 141.8 141.8 141.7 141.6 141.4 141.3 141.2 141.0 140.9 140.7 140.6 140.5 140.3 140.2 140.1 139.9 139.8
139.2 139.2 139.2 139.0 139.0 138.9 139.0 139.3 139.5 139.8 140.1 140.3 140.5 140.6 140.7 140.8 140.7 140.6 140.4 140.4 140.1 139.7 139.6 139.6 139.7 139.7 139.9 140.1 140.3 140.5 140.5 140.7 140.7 140.7 140.6 140.5 140.0 139.8 139.8 139.9 139.9 139.9 139.9 139.9 139.8 139.9 140.0 140.1 140.3 140.5 140.6 140.8 140.9 141.1 141.2 141.4 141.5 141.7 141.9 141.8 141.7 141.6 141.5 141.4 141.2 141.1 140.9 140.8 140.7 140.5 140.4 140.3 140.1 140.0 139.8
139.2 139.2 139.0 138.8 138.7 138.8 139.1 139.4 139.7 139.9 140.0 140.2 140.4 140.6 140.8 140.9 140.8 140.7 140.7 140.4 140.0 139.8 139.7 139.8 139.8 140.0 140.2 140.4 140.5 140.7 140.8 140.8 140.7 140.6 140.5 140.4 140.0 139.8 139.8 139.8 139.9 139.9 139.9 139.9 139.8 139.9 140.0 140.1 140.3 140.4 140.6 140.8 140.9 141.1 141.2 141.4 141.5 141.6 141.7 141.7 141.6 141.5 141.4 141.3 141.2 141.1 141.0 140.9 140.7 140.6 140.5 140.3 140.2 140.0 139.9
139.2 139.0 138.9 138.7 138.7 139.0 139.3 139.5 139.7 140.0 140.2 140.4 140.5 140.7 140.9 141.1 141.1 141.1 140.9 140.7 140.4 140.2 140.1 140.1 140.1 140.3 140.4 140.6 140.8 140.8 140.7 140.7 140.6 140.5 140.4 140.3 139.9 139.8 139.8 139.8 139.8 139.9 139.9 139.8 139.8 139.9 140.0 140.1 140.3 140.4 140.6 140.7 140.9 141.1 141.2 141.4 141.5 141.5 141.6 141.5 141.5 141.4 141.3 141.2 141.1 141.0 141.0 140.9 140.8 140.7 140.5 140.4 140.2 140.1 140.0
139.0 138.9 138.8 138.9 138.9 139.1 139.5 139.7 139.9 140.1 140.4 140.5 140.7 140.9 141.1 141.3 141.4 141.4 141.3 141.1 140.8 140.7 140.5 140.5 140.4 140.6 140.8 140.9 140.8 140.7 140.7 140.6 140.5 140.4 140.3 140.2 139.9 139.7 139.7 139.8 139.8 139.8 139.9 139.8 139.8 139.8 140.0 140.1 140.3 140.4 140.6 140.7 140.9 141.0 141.2 141.3 141.4 141.4 141.5 141.4 141.3 141.3 141.2 141.1 141.0 140.9 140.8 140.8 140.7 140.6 140.5 140.4 140.3 140.2 140.0
139.1 139.1 139.1 139.2 139.2 139.3 139.6 139.9 140.1 140.3 140.5 140.7 140.9 141.0 141.2 141.5 141.7 141.8 141.7 141.5 141.2 141.1 140.9 140.8 140.7 140.9 140.9 140.8 140.7 140.6 140.6 140.5 140.4 140.3 140.2 140.1 139.9 139.7 139.7 139.7 139.7 139.8 139.8 139.8 139.7 139.8 139.9 140.1 140.3 140.4 140.6 140.7 140.9 141.0 141.1 141.2 141.3 141.3 141.4 141.3 141.2 141.2 141.1 141.0 140.9 140.8 140.7 140.6 140.6 140.5 140.4 140.3 140.2 140.1 140.1
139.4 139.4 139.4 139.5 139.5 139.6 139.8 140.1 140.3 140.4 140.6 140.8 141.0 141.2 141.4 141.7 141.8 141.9 141.8 141.7 141.5 141.3 141.2 141.1 141.0 140.9 140.8 140.7 140.6 140.6 140.5 140.4 140.3 140.2 140.1 140.0 139.9 139.7 139.7 139.7 139.7 139.7 139.8 139.8 139.7 139.8 139.9 140.1 140.2 140.4 140.6 140.7 140.9 141.0 141.0 141.1 141.2 141.2 141.2 141.2 141.1 141.0 141.0 140.9 140.8 140.7 140.6 140.5 140.4 140.4 140.3 140.2 140.1 140.0 139.9
139.6 139.7 139.7 139.8 139.8 139.9 140.0 140.3 140.5 140.6 140.8 141.0 141.2 141.4 141.6 141.6 141.8 141.8 141.7 141.7 141.5 141.3 141.3 141.2 141.1 140.8 140.7 140.6 140.5 140.5 140.4 140.3 140.2 140.1 140.0 139.9 139.9 139.7 139.7 139.7 139.7 139.7 139.7 139.8 139.7 139.8 139.9 140.1 140.2 140.4 140.5 140.7 140.8 140.9 140.9 141.0 141.1 141.1 141.1 141.0 141.0 140.9 140.8 140.8 140.7 140.6 140.5 140.4 140.3 140.2 140.2 140.1 140.0 139.9 139.8
