src/test/resources/data3d/MNT_BD3D.asc
ncols         498
nrows         338
xllcorner     1049205.00
yllcorner     6838745.00
cellsize      10.000000
NODATA_value  -9999.9
[rows 204 to 237 of 338, columns 300 to 374 of 498]
138.9 139.0 139.1 139.2 139.4 139.4 139.4 139.3 139.3 139.2 139.2 139.1 139.1 139.1 139.1 139.1 139.1 139.1 139.1 139.3 139.2 139.1 139.0 138.9 138.9 138.9 139.4 139.7 139.5 139.3 139.2 139.1 138.9 138.8 138.7 138.5 138.5 138.8 138.5 138.4 138.2 138.1 138.1 138.2 138.2 138.1 138.0 138.0 138.0 137.9 138.0 138.0 138.0 138.1 138.1 138.2 138.4 138.4 138.4 138.4 138.5 138.4 138.4 138.4 138.4 138.4 138.4 138.4 138.4 138.4 138.4 138.4 138.4 138.3 138.3
138.9 139.0 139.0 139.2 139.2 139.4 139.4 139.4 139.3 139.2 139.1 139.0 139.1 139.1 139.1 139.1 139.1 139.1 139.1 139.0 139.1 139.0 138.9 138.8 138.8 138.8 139.6 139.7 139.4 139.2 139.1 138.9 138.9 138.7 138.6 138.5 138.7 138.7 138.3 138.2 138.1 138.1 138.2 138.2 138.2 138.2 138.1 138.0 138.0 138.0 138.0 138.0 138.0 138.1 138.1 138.2 138.4 138.3 138.4 138.4 138.4 138.4 138.4 138.4 138.4 138.4 138.4 138.3 138.4 138.4 138.4 138.4 138.3 138.2 138.3
138.7 138.8 139.0 139.0 139.1 139.2 139.4 139.4 139.3 139.1 139.0 139.0 139.0 139.0 139.0 139.0 139.0 139.0 139.0 139.0 138.9 138.9 138.8 138.7 138.7 138.7 139.1 139.4 139.4 139.2 139.0 138.9 138.8 138.7 138.6 138.6 138.7 138.4 138.2 138.0 138.1 138.1 138.2 138.2 138.3 138.2 138.1 138.1 138.0 138.0 138.0 138.0 138.0 138.1 138.1 138.3 138.3 138.3 138.3 138.4 138.4 138.3 138.4 138.4 138.4 138.4 138.3 138.3 138.3 138.3 138.4 138.4 138.2 138.2 138.3
138.6 138.9 138.9 139.0 139.0 139.1 139.2 139.4 139.3 139.1 139.0 138.9 138.9 139.0 139.0 139.0 139.0 139.0 138.9 138.9 138.9 138.9 138.8 138.6 138.4 138.3 138.6 138.9 139.2 139.1 139.0 138.9 138.8 138.7 138.6 138.7 138.5 138.2 138.1 138.1 138.1 138.2 138.2 138.3 138.3 138.3 138.2 138.1 138.0 138.0 138.0 138.0 138.0 138.1 138.2 138.2 138.2 138.3 138.3 138.4 138.4 138.3 138.3 138.3 138.3 138.3 138.3 138.3 138.3 138.3 138.3 138.3 138.2 138.2 138.3
138.8 138.8 138.9 138.9 139.0 139.0 139.0 139.1 139.1 139.0 139.0 139.0 138.9 138.9 138.9 138.9 138.9 138.9 138.9 138.9 138.9 138.9 138.8 138.8 138.6 138.5 138.5 138.8 138.9 139.0 139.0 138.9 138.8 138.6 138.6 138.6 138.4 138.3 138.2 138.1 138.2 138.2 138.3 138.3 138.4 138.3 138.3 138.2 138.1 138.0 138.0 138.0 138.0 138.1 138.2 138.2 138.2 138.3 138.3 138.4 138.3 138.3 138.3 138.3 138.3 138.3 138.3 138.3 138.3 138.3 138.3 138.3 138.2 138.2 138.3
138.7 138.8 138.9 138.9 139.0 139.0 138.9 138.9 138.9 139.0 139.0 139.0 138.9 139.0 139.0 139.0 139.0 139.0 138.9 138.9 138.9 138.9 138.9 138.9 138.8 138.6 138.6 138.8 139.1 139.0 138.9 138.8 138.5 138.5 138.7 138.7 138.5 138.4 138.3 138.2 138.1 138.2 138.3 138.3 138.4 138.4 138.3 138.2 138.2 138.1 138.0 138.0 138.0 138.1 138.1 138.2 138.2 138.3 138.3 138.3 138.3 138.2 138.2 138.3 138.3 138.3 138.3 138.3 138.3 138.3 138.4 138.4 138.3 138.2 138.3
138.9 139.0 139.1 139.0 139.0 138.9 138.8 138.8 138.8 138.8 138.9 138.9 138.9 138.9 139.0 139.0 139.0 139.0 138.9 138.9 138.9 139.0 139.0 138.9 138.9 138.8 138.7 138.9 139.0 138.9 138.8 138.7 138.4 138.5 138.6 138.7 138.6 138.5 138.4 138.3 138.2 138.2 138.3 138.4 138.4 138.4 138.4 138.3 138.2 138.1 138.1 138.0 138.0 138.1 138.1 138.2 138.2 138.3 138.3 138.3 138.2 138.2 138.2 138.2 138.2 138.3 138.3 138.3 138.3 138.4 138.5 138.4 138.3 138.3 138.2
139.1 139.2 139.1 139.0 138.9 138.8 138.7 138.6 138.6 138.7 138.8 138.9 138.9 138.9 139.0 139.0 139.0 139.0 138.9 138.9 139.0 139.0 139.0 139.0 139.0 138.9 138.8 139.0 138.8 138.7 138.7 138.7 138.5 138.5 138.6 138.7 138.7 138.6 138.5 138.4 138.3 138.3 138.3 138.4 138.5 138.5 138.4 138.3 138.3 138.2 138.1 138.0 138.1 138.2 138.2 138.2 138.2 138.2 138.3 138.3 138.2 138.2 138.2 138.3 138.3 138.4 138.4 138.3 138.3 138.5 138.5 138.4 138.4 138.3 138.3
139.2 139.1 139.0 138.9 138.9 138.8 138.7 138.5 138.6 138.7 138.8 138.8 138.9 138.9 139.0 139.0 139.0 138.9 138.9 139.0 139.0 139.0 139.0 139.1 139.1 139.0 138.9 139.0 138.8 138.5 138.5 138.5 138.5 138.5 138.7 138.8 138.7 138.7 138.6 138.5 138.4 138.4 138.3 138.4 138.5 138.5 138.5 138.4 138.3 138.3 138.1 138.0 138.0 138.3 138.5 138.4 138.4 138.3 138.3 138.4 138.2 138.3 138.3 138.4 138.4 138.5 138.4 138.4 138.4 138.4 138.4 138.4 138.3 138.3 138.3
139.2 139.1 139.0 138.9 138.8 138.7 138.5 138.6 138.9 138.8 138.8 138.8 138.9 138.9 139.0 139.0 139.0 139.0 139.0 139.0 139.0 139.0 139.1 139.1 139.1 139.0 139.2 139.0 138.7 138.6 138.6 138.6 138.5 138.6 138.7 138.8 138.7 138.7 138.6 138.6 138.6 138.5 138.4 138.3 138.5 138.6 138.5 138.5 138.4 138.2 138.0 137.9 138.0 138.6 138.8 138.7 138.5 138.6 138.5 138.5 138.3 138.3 138.4 138.4 138.5 138.5 138.5 138.6 138.5 138.4 138.4 138.4 138.4 138.3 138.3
139.1 139.0 138.9 138.7 138.5 138.4 138.4 138.6 138.8 138.8 138.8 138.9 138.9 139.0 139.0 139.0 139.0 138.9 139.0 139.0 139.1 139.1 139.1 139.1 139.2 139.2 139.2 139.0 138.8 138.7 138.5 138.7 138.7 138.7 138.8 138.8 138.8 138.7 138.7 138.6 138.6 138.5 138.5 138.4 138.3 138.6 138.6 138.5 138.3 138.1 137.9 137.9 138.2 138.8 139.1 139.1 139.0 138.8 138.7 138.6 138.6 138.5 138.5 138.5 138.6 138.6 138.7 138.6 138.5 138.4 138.4 138.4 138.3 138.3 138.3
138.9 138.7 138.6 138.4 138.2 138.3 138.4 138.6 138.7 138.7 138.9 139.0 139.0 139.0 139.0 138.9 138.9 138.9 139.0 139.1 139.1 139.1 139.1 139.2 139.2 139.2 139.2 139.1 138.9 138.8 138.6 138.8 138.8 138.8 138.8 138.8 138.8 138.7 138.7 138.6 138.6 138.6 138.5 138.5 138.4 138.4 138.7 138.6 138.4 138.1 138.0 137.9 138.3 138.6 139.2 139.1 139.1 139.0 138.9 138.8 138.8 138.6 138.6 138.6 138.8 138.8 138.8 138.7 138.5 138.4 138.4 138.4 138.3 138.3 138.3
138.6 138.4 138.3 138.1 138.1 138.2 138.4 138.5 138.6 138.8 139.0 139.0 139.0 138.9 138.8 138.8 138.7 138.9 139.0 139.1 139.2 139.2 139.2 139.2 139.2 139.2 139.1 139.0 139.0 138.8 138.7 138.7 138.9 138.9 138.9 138.9 138.8 138.8 138.7 138.7 138.6 138.6 138.5 138.5 138.4 138.3 138.5 138.5 138.3 138.2 138.1 138.0 138.2 138.5 139.0 139.2 139.1 139.1 139.0 138.9 138.9 138.7 138.8 139.1 139.0 138.9 138.8 138.7 138.5 138.4 138.4 138.4 138.3 138.3 138.3
138.4 138.1 137.9 137.9 138.1 138.2 138.3 138.4 138.5 138.8 139.0 138.9 138.8 138.8 138.7 138.7 138.7 138.8 139.0 139.1 139.2 139.4 139.3 139.3 139.2 139.1 139.0 139.0 138.9 138.8 138.7 138.6 138.9 139.0 139.0 138.9 138.9 138.8 138.8 138.7 138.7 138.6 138.6 138.5 138.4 138.4 138.6 138.6 138.5 138.3 138.3 138.3 138.4 138.6 138.9 139.1 139.0 138.9 138.9 138.9 138.9 138.8 138.9 138.9 138.9 138.8 138.8 138.7 138.5 138.4 138.4 138.4 138.3 138.3 138.3
138.4 137.9 137.7 137.8 137.9 137.9 138.1 138.3 138.4 138.5 138.9 138.8 138.7 138.7 138.6 138.6 138.7 138.8 138.9 139.1 139.2 139.4 139.5 139.2 139.1 139.0 139.0 138.9 138.8 138.7 138.7 138.6 138.6 138.7 138.9 138.9 138.8 138.7 138.6 138.5 138.5 138.4 138.3 138.2 138.2 138.3 138.6 138.6 138.4 138.6 138.6 138.7 138.7 138.8 138.9 138.9 138.8 138.8 138.8 138.8 138.7 138.6 138.7 138.8 138.7 138.6 138.6 138.7 138.4 138.4 138.4 138.3 138.3 138.3 138.3
138.3 138.0 137.6 137.5 137.7 137.9 138.1 138.2 138.3 138.4 138.6 138.8 138.7 138.6 138.5 138.5 138.6 138.8 138.9 139.0 139.2 139.7 139.4 139.3 139.1 139.0 138.9 138.8 138.7 138.7 138.6 138.5 138.6 138.6 138.8 138.8 138.8 138.7 138.6 138.5 138.4 138.3 138.3 138.2 138.3 138.3 138.5 139.1 138.2 138.7 138.8 138.7 138.7 138.9 138.8 138.8 138.7 138.6 138.6 138.6 138.5 138.5 138.6 138.6 138.5 138.5 138.5 138.5 138.4 138.4 138.4 138.3 138.3 138.3 138.3
138.5 138.1 137.8 137.5 137.7 137.9 138.1 138.2 138.3 138.3 138.4 138.7 138.6 138.5 138.4 138.4 138.5 138.8 139.3 139.7 140.1 140.3 139.6 139.1 139.0 138.9 138.8 138.7 138.7 138.6 138.5 138.4 138.6 138.7 138.7 138.8 138.7 138.6 138.6 138.5 138.4 138.3 138.3 138.3 138.3 138.5 138.7 138.8 138.5 138.6 138.7 138.8 138.8 138.9 138.8 138.7 138.6 138.5 138.5 138.4 138.5 138.4 138.5 138.4 138.4 138.4 138.4 138.4 138.4 138.4 138.4 138.3 138.3 138.3 138.3
138.6 138.4 138.2 137.8 137.7 137.9 138.0 138.1 138.2 138.3 138.3 138.4 138.5 138.4 138.3 138.9 139.3 139.7 140.1 140.5 140.9 140.4 139.7 139.0 139.0 138.8 138.7 138.6 138.6 138.5 138.4 138.4 138.5 138.7 138.6 138.8 138.7 138.6 138.5 138.5 138.4 138.3 138.3 138.3 138.5 138.7 138.9 139.1 138.9 138.6 138.8 138.8 138.5 138.5 138.7 138.7 138.5 138.4 138.4 138.4 138.4 138.4 138.4 138.4 138.4 138.4 138.4 138.4 138.3 138.3 138.4 138.4 138.4 138.4 138.4
138.8 138.7 138.3 138.0 137.7 137.8 137.9 138.0 138.1 138.2 138.3 138.3 138.4 138.3 138.3 139.4 140.1 140.5 141.0 141.4 141.2 140.5 139.8 139.1 138.9 138.7 138.6 138.6 138.5 138.4 138.3 138.3 138.5 138.6 138.7 138.7 138.6 138.6 138.5 138.5 138.4 138.4 138.4 138.4 138.6 138.8 139.0 139.2 139.1 138.8 138.7 138.4 138.1 138.2 138.5 138.7 138.5 138.4 138.4 138.4 138.2 138.3 138.4 138.3 138.3 138.3 138.4 138.4 138.2 138.2 138.2 138.2 138.3 138.3 138.3
138.8 138.5 138.3 138.1 137.8 137.9 137.9 138.0 138.0 138.1 138.2 138.3 138.3 138.4 138.7 139.9 141.0 141.4 141.8 142.2 141.3 140.6 139.9 139.2 138.8 138.7 138.6 138.5 138.4 138.3 138.3 138.3 138.5 138.6 138.7 138.6 138.6 138.6 138.5 138.5 138.4 138.4 138.4 138.6 138.8 139.0 139.2 139.4 139.6 138.4 138.5 138.0 137.7 138.0 138.2 138.5 138.5 138.3 138.0 138.4 138.3 138.3 138.3 138.3 138.3 138.3 138.4 138.3 138.3 138.3 138.3 138.3 138.3 138.3 138.3
138.6 138.4 138.2 138.1 138.1 138.0 138.1 138.2 138.2 138.3 138.3 138.3 138.4 138.8 139.2 140.1 141.6 142.2 142.7 142.1 141.4 140.7 140.1 139.4 138.7 138.7 138.5 138.5 138.4 138.3 138.2 138.2 138.5 138.6 138.8 138.7 138.7 138.6 138.5 138.5 138.5 138.5 138.6 138.8 139.0 139.2 139.4 139.4 139.4 138.3 138.7 138.0 137.5 138.3 138.4 138.5 138.4 138.4 138.4 138.3 138.4 138.2 138.3 138.3 138.3 138.3 138.2 138.3 138.3 138.3 138.4 138.4 138.4 138.4 138.4
138.5 138.3 138.2 138.2 138.3 138.2 138.2 138.2 138.3 138.3 138.3 138.4 138.8 139.3 139.7 139.9 142.1 143.1 143.1 142.2 141.6 140.9 140.3 139.6 139.0 138.6 138.4 138.4 138.3 138.2 138.1 138.2 138.6 138.8 138.8 138.7 138.7 138.6 138.5 138.5 138.5 138.5 138.7 138.9 139.1 139.3 139.3 139.3 139.2 138.4 138.2 138.5 138.3 138.3 138.3 138.4 138.4 138.4 138.5 138.4 138.3 138.3 138.4 138.4 138.4 138.2 138.3 138.4 138.5 138.4 138.4 138.4 138.4 138.4 138.5
138.3 138.2 138.1 138.1 138.3 138.2 138.3 138.3 138.3 138.3 138.3 138.7 139.2 139.6 140.1 140.5 141.8 144.0 143.1 142.5 141.8 141.2 140.6 140.0 139.3 138.7 138.7 138.4 138.3 138.1 138.1 138.2 138.6 138.7 138.6 138.7 138.7 138.6 138.6 138.6 138.6 138.7 138.9 139.0 139.2 139.1 139.1 139.1 139.1 138.5 138.3 138.6 138.5 138.4 138.3 138.3 138.3 138.4 138.5 138.5 138.3 138.4 138.4 138.5 138.4 138.2 138.3 138.4 138.5 138.5 138.5 138.5 138.5 138.5 138.5
138.2 138.1 138.1 138.2 138.2 138.2 138.3 138.3 138.3 138.4 138.6 139.1 139.5 140.0 140.4 141.1 142.0 143.5 143.0 142.5 141.9 141.4 140.8 140.1 139.5 138.9 138.7 138.6 138.4 138.2 138.2 138.2 138.3 138.6 138.6 138.7 138.8 138.7 138.7 138.6 138.6 138.8 138.9 139.0 139.0 139.0 138.9 138.9 138.9 138.6 139.2 139.1 139.0 138.8 138.6 138.5 138.3 138.4 138.4 138.5 138.6 138.6 138.6 138.5 138.3 138.2 138.3 138.4 138.5 138.5 138.5 138.6 138.6 138.6 138.6
138.2 138.0 138.1 138.1 138.2 138.2 138.3 138.3 138.3 138.3 138.7 139.1 139.6 139.9 140.3 140.7 142.6 143.3 142.8 142.3 141.8 141.3 140.7 140.2 139.6 139.0 138.7 138.6 138.4 138.3 138.4 138.4 138.5 138.5 138.6 138.8 138.9 138.9 138.9 138.8 138.7 138.8 138.9 138.8 138.8 138.8 138.8 139.3 139.7 139.7 139.6 139.5 139.4 139.3 139.3 139.2 139.1 139.0 138.6 138.7 138.8 138.9 138.9 138.8 138.4 138.3 138.4 138.5 138.6 138.6 138.6 138.6 138.6 138.6 138.6
138.2 138.1 138.0 138.1 138.1 138.1 138.2 138.2 138.3 138.3 138.7 139.1 139.5 139.9 140.3 140.8 142.7 142.9 142.5 142.1 141.7 141.2 140.6 140.1 139.5 139.0 138.7 138.7 138.7 138.4 138.5 138.5 138.5 138.5 138.6 138.7 138.8 138.9 139.0 139.2 139.3 139.4 139.4 139.4 139.5 139.5 139.5 139.5 139.6 139.6 139.5 139.4 139.3 139.2 139.1 139.0 139.0 139.1 139.1 139.0 139.1 139.1 139.1 139.1 138.4 138.3 138.4 138.5 138.6 138.7 138.7 138.7 138.7 138.7 138.7
138.1 138.2 138.2 138.0 138.2 138.2 138.3 138.3 138.3 138.4 138.7 139.1 139.5 139.9 140.3 140.9 142.9 142.5 142.1 141.8 141.4 141.0 140.5 140.0 139.4 138.9 138.8 138.8 138.8 138.5 138.5 138.4 138.4 138.4 138.5 138.6 138.7 138.8 139.0 139.2 139.2 139.3 139.3 139.3 139.4 139.4 139.4 139.4 139.5 139.4 139.4 139.3 139.2 139.1 139.0 139.0 139.0 139.0 139.1 139.1 139.3 139.4 139.0 139.3 138.5 138.3 138.4 138.5 138.6 138.7 138.7 138.7 138.7 138.8 138.7
138.0 138.0 138.1 138.2 138.3 138.3 138.4 138.4 138.4 138.5 138.7 139.1 139.5 139.9 140.3 141.1 142.6 142.2 141.8 141.4 141.0 140.6 140.2 139.8 139.4 139.0 139.1 138.9 138.8 138.5 138.4 138.4 138.4 138.4 138.4 138.6 138.7 138.8 139.0 139.1 139.1 139.2 139.2 139.2 139.2 139.3 139.3 139.3 139.4 139.3 139.2 139.2 139.1 139.0 138.9 139.0 139.0 139.0 139.1 139.1 139.1 139.7 139.3 139.6 138.5 138.4 138.5 138.6 138.6 138.7 138.8 138.8 138.8 138.8 138.8
138.0 138.1 138.1 138.2 138.3 138.4 138.5 138.5 138.5 138.6 138.7 139.1 139.5 139.9 140.3 141.2 142.2 141.8 141.4 141.0 140.6 140.3 139.9 139.5 139.1 139.2 139.1 138.9 138.7 138.5 138.4 138.3 138.3 138.3 138.4 138.5 138.6 138.7 138.9 138.9 139.0 139.0 139.1 139.1 139.1 139.2 139.2 139.2 139.2 139.2 139.1 139.0 138.9 138.9 138.9 138.9 139.0 139.0 139.0 139.1 139.1 139.1 139.2 138.9 138.5 138.4 138.5 138.6 138.7 138.8 138.9 138.9 138.9 138.8 138.8
137.9 138.1 138.1 138.3 138.4 138.5 138.6 138.6 138.6 138.7 138.8 139.1 139.5 139.9 140.3 141.3 141.8 141.4 141.1 140.7 140.3 139.9 139.5 139.2 139.0 139.2 139.0 138.8 138.7 138.6 138.4 138.3 138.3 138.3 138.3 138.4 138.5 138.6 138.8 138.8 138.9 138.9 139.0 139.0 139.0 139.1 139.1 139.1 139.1 139.1 139.0 138.9 138.8 138.8 138.9 138.9 139.0 139.0 139.0 139.1 139.1 139.1 139.2 138.6 138.4 138.4 138.5 138.6 138.7 138.8 138.9 138.9 138.9 138.9 138.8
138.0 138.0 138.1 138.3 138.5 138.6 138.7 138.7 138.7 138.8 138.8 139.1 139.5 139.9 140.3 141.5 141.5 141.1 140.7 140.3 139.9 139.5 139.3 139.1 139.0 139.2 138.9 138.8 138.7 138.6 138.5 138.4 138.3 138.2 138.2 138.3 138.4 138.5 138.7 138.7 138.7 138.8 138.8 138.9 138.9 138.9 139.0 139.0 139.0 139.0 138.9 138.8 138.8 138.8 138.9 138.9 138.9 139.0 139.0 139.0 139.0 139.1 139.1 138.7 138.5 138.5 138.5 138.6 138.7 138.9 138.9 139.0 138.9 138.8 138.8
138.0 138.1 138.2 138.8 139.7 139.0 138.8 138.8 138.8 138.9 138.9 139.1 139.5 139.9 140.2 141.5 141.1 140.7 140.3 139.9 139.5 139.3 139.2 139.1 139.0 139.0 138.9 138.8 138.7 138.6 138.5 138.4 138.3 138.2 138.2 138.3 138.3 138.5 138.5 138.6 138.6 138.7 138.7 138.8 138.8 138.8 138.9 138.9 138.9 138.8 138.8 138.7 138.8 138.8 138.9 138.9 138.9 138.9 139.0 139.0 139.0 139.0 139.1 138.8 138.5 138.6 138.6 138.6 138.7 138.8 139.0 139.0 138.9 138.9 138.9
138.0 138.0 139.2 140.2 140.9 140.1 139.3 138.9 138.9 139.0 139.0 139.2 139.6 139.9 140.2 141.1 140.7 140.3 140.0 139.6 139.4 139.3 139.2 139.0 138.9 138.9 138.9 138.9 138.8 138.6 138.5 138.4 138.3 138.2 138.1 138.2 138.3 138.4 138.4 138.5 138.5 138.5 138.6 138.6 138.7 138.7 138.8 138.8 138.8 138.7 138.7 138.7 138.8 138.8 138.8 138.9 138.9 138.9 138.9 139.0 139.0 139.0 139.0 139.0 138.6 138.6 138.7 138.7 138.8 138.8 138.9 138.9 138.9 138.9 138.9
139.1 139.5 140.2 141.5 142.0 141.2 140.4 139.5 139.0 139.1 139.1 139.3 139.6 140.0 140.2 140.8 140.4 140.0 139.6 139.5 139.4 139.3 139.1 139.0 138.9 138.7 138.9 138.9 138.8 138.7 138.6 138.5 138.4 138.3 138.1 138.1 138.2 138.2 138.3 138.3 138.4 138.4 138.5 138.5 138.6 138.6 138.6 138.7 138.7 138.6 138.7 138.7 138.7 138.8 138.8 138.8 138.8 138.9 138.9 138.9 139.0 139.0 139.0 139.1 138.7 138.7 138.8 138.8 138.8 138.9 138.8 138.9 138.9 138.9 138.9
