src/test/resources/data3d/MNT_BD3D.asc
ncols         498
nrows         338
xllcorner     1049205.00
yllcorner     6838745.00
cellsize      10.000000
NODATA_value  -9999.9
[rows 136 to 169 of 338, columns 75 to 149 of 498]
139.5 139.7 139.9 140.1 140.1 140.2 140.2 140.5 140.6 140.8 141.0 141.2 141.3 141.5 141.6 141.5 141.5 141.5 141.4 141.4 141.4 141.4 141.3 141.3 141.2 141.0 140.7 140.5 140.4 140.4 140.3 140.2 140.1 140.0 139.9 139.9 139.8 139.7 139.7 139.7 139.7 139.7 139.7 139.7 139.7 139.8 139.9 140.1 140.2 140.4 140.5 140.6 140.7 140.8 140.8 140.9 140.9 141.0 141.0 140.9 140.8 140.8 140.7 140.6 140.6 140.5 140.4 140.3 140.2 140.1 140.1 140.0 139.9 139.8 139.7
139.4 139.6 139.8 140.0 140.3 140.5 140.5 140.6 140.8 141.0 141.2 141.3 141.3 141.3 141.2 141.1 141.1 141.1 141.2 141.2 141.2 141.3 141.3 141.3 141.3 141.1 140.8 140.6 140.4 140.3 140.2 140.1 140.0 139.9 139.8 139.8 139.8 139.6 139.6 139.6 139.7 139.7 139.7 139.7 139.7 139.8 139.9 140.1 140.2 140.4 140.5 140.5 140.6 140.7 140.7 140.8 140.8 140.9 140.9 140.8 140.7 140.6 140.6 140.5 140.4 140.4 140.3 140.2 140.1 140.0 139.9 139.9 139.8 139.7 139.7
139.3 139.5 139.7 139.9 140.1 140.4 140.6 140.8 141.0 141.0 141.0 141.0 141.0 140.9 140.9 140.9 140.9 140.9 141.0 141.0 141.0 141.3 141.2 141.2 141.3 141.2 141.0 140.7 140.4 140.2 140.1 140.0 139.9 139.8 139.8 139.7 139.8 139.6 139.6 139.6 139.6 139.6 139.6 139.7 139.7 139.7 139.9 140.0 140.2 140.3 140.4 140.4 140.5 140.6 140.6 140.7 140.7 140.8 140.7 140.7 140.6 140.5 140.5 140.4 140.3 140.2 140.2 140.1 140.0 139.9 139.8 139.7 139.7 139.7 139.5
139.2 139.4 139.6 139.8 140.0 140.3 140.5 140.7 140.8 140.8 140.8 140.8 140.7 140.7 140.7 140.7 140.7 140.7 140.8 140.8 140.9 141.1 141.2 141.2 141.3 141.3 141.1 140.9 140.6 140.3 140.0 139.9 139.8 139.7 139.7 139.6 139.8 139.6 139.6 139.6 139.6 139.6 139.6 139.6 139.7 139.7 139.9 140.0 140.1 140.2 140.3 140.3 140.4 140.5 140.5 140.6 140.6 140.7 140.6 140.5 140.5 140.4 140.3 140.3 140.2 140.1 140.1 140.0 139.9 139.8 139.7 139.7 139.7 139.5 139.4
139.2 139.3 139.5 139.7 139.9 140.2 140.4 140.7 140.6 140.6 140.6 140.5 140.5 140.6 140.6 140.6 140.5 140.5 140.6 140.6 140.7 140.9 141.2 141.1 141.3 141.3 141.3 141.0 140.7 140.4 140.1 139.8 139.7 139.6 139.6 139.5 139.7 139.6 139.6 139.6 139.6 139.6 139.6 139.6 139.6 139.7 139.9 140.0 140.0 140.1 140.2 140.2 140.3 140.3 140.4 140.5 140.5 140.6 140.5 140.4 140.3 140.3 140.2 140.1 140.1 140.0 139.9 139.9 139.8 139.7 139.8 139.7 139.5 139.4 139.5
139.2 139.2 139.4 139.6 139.8 140.1 140.3 140.5 140.4 140.4 140.4 140.3 140.3 140.4 140.4 140.4 140.4 140.4 140.4 140.5 140.5 140.7 141.1 141.1 141.2 141.4 141.4 141.1 140.9 140.6 140.3 140.0 139.7 139.6 139.5 139.4 139.6 139.6 139.6 139.6 139.6 139.6 139.6 139.6 139.6 139.6 139.8 139.9 139.9 140.0 140.1 140.1 140.2 140.2 140.3 140.4 140.4 140.5 140.4 140.3 140.2 140.2 140.1 140.0 139.9 139.9 139.8 139.7 139.7 139.8 139.7 139.6 139.5 139.5 139.5
139.2 139.2 139.3 139.5 139.7 139.9 140.2 140.3 140.2 140.2 140.1 140.1 140.1 140.2 140.3 140.3 140.2 140.2 140.2 140.3 140.3 140.5 140.9 141.1 141.2 141.3 141.4 141.3 141.0 140.7 140.4 140.1 139.8 139.6 139.4 139.3 139.5 139.5 139.5 139.5 139.6 139.6 139.5 139.4 139.2 139.2 139.4 139.5 139.6 139.7 139.8 139.9 140.0 140.1 140.1 140.2 140.3 140.2 140.3 140.2 140.1 140.0 140.0 139.9 139.8 139.8 139.7 139.7 139.8 139.7 139.6 139.5 139.6 139.6 139.6
139.3 139.2 139.2 139.4 139.6 139.8 140.1 140.1 140.0 139.9 139.9 139.9 139.9 140.0 140.1 140.1 140.1 140.0 140.0 140.1 140.1 140.3 140.7 141.0 141.1 141.3 141.4 141.4 141.2 140.9 140.6 140.3 140.0 139.7 139.4 139.2 139.4 139.5 139.5 139.4 139.3 139.3 139.2 139.0 139.0 139.1 139.2 139.3 139.4 139.5 139.5 139.6 139.7 139.8 139.9 140.0 139.9 139.8 139.7 140.0 140.1 140.1 140.0 139.9 139.8 139.6 139.7 139.8 139.7 139.6 139.6 139.6 139.6 139.7 139.7
139.3 139.2 139.2 139.3 139.5 139.7 140.0 139.9 139.8 139.7 139.7 139.7 139.7 139.8 139.9 140.0 139.9 139.9 139.8 139.9 140.0 140.1 140.5 140.9 141.0 141.3 141.4 141.5 141.3 141.0 140.7 140.4 140.1 139.8 139.5 139.0 139.0 139.2 139.1 139.1 139.0 139.0 139.0 139.1 139.2 139.2 139.0 139.2 139.2 139.3 139.4 139.5 139.6 139.6 139.7 139.8 139.7 139.5 139.3 139.3 139.7 139.9 140.0 139.9 139.7 139.6 139.6 139.6 139.6 139.5 139.5 139.5 139.5 139.5 139.5
139.3 139.3 139.2 139.2 139.4 139.6 139.9 139.7 139.6 139.5 139.5 139.5 139.5 139.7 139.7 139.8 139.8 139.7 139.7 139.7 139.8 139.9 140.3 140.7 140.9 141.2 141.4 141.6 141.5 141.1 140.6 140.1 139.7 139.3 138.4 138.2 138.4 138.6 138.7 138.9 139.1 139.3 139.7 139.9 139.9 139.6 139.2 139.0 139.1 139.2 139.3 139.3 139.4 139.5 139.7 139.8 139.7 139.6 139.3 139.2 139.4 139.7 139.8 139.9 139.7 139.6 139.5 139.5 139.5 139.4 139.3 139.2 139.2 139.3 139.3
139.4 139.3 139.3 139.2 139.3 139.5 139.7 139.5 139.4 139.3 139.3 139.2 139.3 139.5 139.6 139.7 139.6 139.6 139.5 139.5 139.6 139.7 140.1 140.5 140.9 141.2 141.5 141.6 141.5 141.2 140.8 140.2 139.7 138.8 138.3 138.1 138.1 138.3 138.5 139.0 139.4 139.6 140.0 140.3 140.5 140.0 139.4 139.0 139.0 139.0 139.1 139.2 139.3 139.5 139.6 139.7 139.6 139.6 139.4 139.3 139.4 139.6 139.7 139.7 139.6 139.5 139.5 139.5 139.5 139.4 139.3 139.2 139.2 139.2 139.3
139.4 139.4 139.3 139.2 139.2 139.4 139.5 139.4 139.2 139.1 139.0 139.0 139.2 139.3 139.4 139.5 139.5 139.4 139.4 139.3 139.3 139.4 139.8 140.2 140.8 141.2 141.5 141.7 141.7 141.4 140.8 140.4 139.9 139.3 138.7 138.3 138.2 138.3 138.5 138.8 139.1 139.7 140.1 140.3 140.5 140.0 139.3 139.0 138.8 138.9 139.0 139.2 139.3 139.4 139.5 139.6 139.6 139.5 139.5 139.4 139.4 139.5 139.5 139.6 139.5 139.5 139.5 139.5 139.5 139.4 139.3 139.3 139.3 139.3 139.4
139.5 139.4 139.3 139.3 139.2 139.3 139.3 139.2 139.0 138.9 138.8 138.9 139.0 139.1 139.2 139.3 139.3 139.3 139.2 139.3 139.3 139.3 139.5 140.0 140.5 140.8 141.2 141.5 141.6 141.3 140.7 140.3 140.0 139.7 139.1 138.6 138.4 138.4 138.6 138.9 139.2 139.4 139.6 139.9 140.0 139.7 139.2 139.1 138.9 139.0 139.0 139.1 139.2 139.3 139.5 139.5 139.5 139.5 139.4 139.4 139.4 139.4 139.4 139.5 139.5 139.6 139.6 139.6 139.6 139.5 139.4 139.3 139.4 139.4 139.4
139.5 139.4 139.4 139.3 139.2 139.2 139.1 139.0 138.8 138.7 138.6 138.7 138.8 138.9 139.0 139.1 139.2 139.2 139.2 139.3 139.3 139.2 139.2 139.8 140.2 140.6 140.9 141.0 141.2 140.9 140.6 140.3 140.1 139.9 139.4 139.0 138.7 138.6 138.6 138.8 139.0 139.1 139.3 139.5 139.5 139.3 139.1 139.1 139.1 139.2 139.2 139.2 139.2 139.3 139.4 139.5 139.5 139.4 139.4 139.4 139.4 139.5 139.5 139.5 139.6 139.6 139.7 139.6 139.6 139.6 139.5 139.5 139.4 139.4 139.4
139.6 139.5 139.4 139.3 139.3 139.3 139.0 138.9 138.7 138.7 138.7 138.7 138.8 139.0 139.0 139.1 139.2 139.2 139.2 139.3 139.3 139.2 139.0 139.5 140.0 140.2 140.4 140.5 140.6 140.5 140.2 140.3 140.1 140.0 139.6 139.3 139.0 138.9 138.9 139.0 139.1 139.2 139.2 139.3 139.2 139.1 139.1 139.2 139.2 139.2 139.2 139.3 139.3 139.3 139.4 139.4 139.4 139.4 139.3 139.4 139.5 139.5 139.5 139.5 139.6 139.7 139.7 139.7 139.7 139.6 139.6 139.5 139.5 139.4 139.4
139.6 139.5 139.4 139.4 139.3 139.2 139.0 138.9 138.7 138.7 138.7 138.8 138.9 139.0 139.1 139.1 139.2 139.2 139.2 139.2 139.3 139.2 139.1 139.4 139.6 139.7 139.8 139.9 140.0 140.0 140.0 140.2 140.1 140.0 139.8 139.6 139.3 139.3 139.2 139.2 139.2 139.1 139.2 139.2 139.2 139.2 139.2 139.2 139.2 139.1 139.1 139.1 139.2 139.2 139.3 139.3 139.4 139.3 139.3 139.4 139.5 139.6 139.6 139.7 139.7 139.7 139.7 139.7 139.7 139.7 139.7 139.6 139.6 139.5 139.5
139.6 139.4 139.4 139.2 139.1 139.1 139.1 138.9 138.8 138.8 138.8 138.8 138.9 139.0 139.1 139.1 139.2 139.2 139.3 139.3 139.2 139.2 139.1 139.1 139.3 139.4 139.5 139.6 139.7 139.6 139.7 139.9 140.0 139.9 140.0 139.9 139.7 139.6 139.5 139.4 139.3 139.2 139.2 139.2 139.2 139.2 139.2 139.3 139.0 139.1 139.1 139.1 139.1 139.1 139.2 139.2 139.3 139.3 139.3 139.5 139.5 139.6 139.7 139.7 139.7 139.7 139.7 139.8 139.7 139.7 139.7 139.7 139.7 139.7 139.7
139.3 139.2 139.2 139.1 139.0 139.0 139.0 139.0 138.9 138.8 138.8 138.8 138.9 139.0 139.1 139.1 139.1 139.2 139.2 139.3 139.3 139.2 139.1 139.2 139.1 139.1 139.2 139.3 139.3 139.1 139.2 139.5 139.8 140.0 140.2 140.2 140.1 139.9 139.7 139.6 139.4 139.3 139.3 139.2 139.2 139.1 139.1 139.0 139.0 139.1 139.0 139.0 139.0 139.0 139.1 139.2 139.2 139.3 139.4 139.5 139.6 139.6 139.6 139.7 139.7 139.7 139.7 139.8 139.8 139.8 139.8 139.8 139.8 139.8 139.8
139.1 139.0 139.0 139.0 139.0 139.0 139.0 139.0 138.9 138.9 138.8 138.8 138.9 138.9 139.0 139.1 139.1 139.1 139.1 139.2 139.3 139.3 139.2 139.2 139.2 139.2 139.2 139.1 138.9 138.6 138.6 138.9 139.3 139.8 140.3 140.4 140.3 140.1 140.0 139.8 139.6 139.5 139.3 139.2 139.1 139.0 139.0 138.9 139.0 139.0 139.0 139.0 139.0 139.0 139.0 139.1 139.3 139.3 139.4 139.5 139.5 139.6 139.6 139.6 139.7 139.7 139.8 139.8 139.9 139.9 139.9 139.9 139.9 139.9 139.8
139.0 139.0 139.0 139.0 139.1 139.1 139.0 139.0 139.0 138.9 138.8 138.8 138.9 138.9 139.0 139.0 139.0 139.0 139.0 139.0 139.1 139.3 139.3 139.3 139.3 139.3 139.2 139.0 138.5 138.1 137.9 138.3 139.0 139.7 140.2 140.5 140.4 140.2 140.0 139.8 139.7 139.5 139.4 139.2 139.1 139.0 138.9 138.9 139.0 139.0 139.0 139.0 139.0 139.1 139.2 139.3 139.4 139.4 139.5 139.5 139.4 139.5 139.5 139.6 139.6 139.7 139.8 139.9 139.9 140.0 140.0 140.0 140.0 139.9 139.8
139.0 139.0 139.1 139.1 139.1 139.1 139.1 139.0 139.0 138.9 138.8 138.8 138.9 138.9 138.8 138.9 138.9 139.0 139.1 139.1 139.1 139.2 139.3 139.4 139.3 139.3 139.3 138.9 138.2 137.8 138.0 138.4 138.8 139.3 140.0 140.4 140.4 140.2 140.0 139.9 139.7 139.6 139.4 139.2 139.1 139.0 138.8 138.9 139.0 139.0 139.0 139.1 139.2 139.2 139.2 139.3 139.4 139.5 139.5 139.4 139.4 139.4 139.4 139.5 139.6 139.7 139.8 139.9 140.0 140.0 140.0 140.0 140.0 139.9 139.9
139.1 139.1 139.1 139.1 139.1 139.1 139.1 139.1 139.0 139.0 138.9 139.0 139.0 138.9 138.8 138.7 138.8 139.1 139.1 139.1 139.2 139.1 139.1 139.2 139.2 139.2 139.2 138.8 138.0 137.8 138.2 138.6 139.0 139.4 139.8 140.2 140.2 140.1 139.9 139.8 139.7 139.5 139.4 139.2 139.1 139.0 139.0 138.9 138.9 139.0 139.1 139.2 139.2 139.2 139.2 139.3 139.4 139.5 139.5 139.5 139.4 139.4 139.5 139.5 139.6 139.7 139.7 139.8 139.9 140.0 140.1 140.1 139.9 139.9 139.8
139.3 139.2 139.2 139.2 139.2 139.2 139.1 139.1 139.1 139.1 139.2 139.2 139.1 139.0 138.8 138.8 139.0 139.1 139.2 139.1 139.1 139.1 139.0 139.0 139.0 139.0 138.9 138.5 137.6 137.8 138.1 138.4 138.8 139.2 139.6 140.0 140.0 139.9 139.8 139.6 139.6 139.5 139.4 139.2 139.1 139.0 138.9 138.9 138.8 138.9 139.2 139.2 139.2 139.1 139.2 139.3 139.4 139.4 139.5 139.5 139.5 139.5 139.5 139.7 139.6 139.6 139.6 139.7 139.8 140.0 140.0 140.0 139.9 139.8 139.8
139.4 139.3 139.3 139.3 139.2 139.2 139.2 139.1 139.1 139.2 139.2 139.2 139.1 139.0 139.0 139.1 139.1 139.0 139.2 139.1 139.0 139.0 138.9 138.8 138.8 138.7 138.5 138.0 137.6 137.9 138.2 138.5 138.8 139.1 139.4 139.8 139.8 139.7 139.6 139.6 139.4 139.3 139.3 139.2 139.1 139.0 138.9 138.8 138.7 139.0 139.3 139.2 139.1 139.1 139.1 139.2 139.3 139.4 139.4 139.5 139.5 139.6 139.7 139.7 139.6 139.5 139.5 139.5 139.7 139.9 140.0 140.0 139.9 139.8 139.8
139.4 139.4 139.4 139.3 139.3 139.2 139.2 139.2 139.2 139.2 139.2 139.2 139.1 139.1 139.1 139.1 139.1 139.0 139.0 139.1 139.0 138.9 138.8 138.7 138.5 138.4 138.1 137.7 137.6 138.0 138.3 138.6 138.9 139.2 139.5 139.8 139.8 139.7 139.6 139.5 139.3 139.2 139.3 139.3 139.3 139.1 138.9 138.8 138.6 139.0 139.3 139.4 139.2 139.1 139.1 139.2 139.3 139.3 139.4 139.5 139.5 139.7 139.8 139.7 139.6 139.4 139.3 139.4 139.6 139.8 140.0 140.0 139.9 139.9 139.9
139.4 139.4 139.4 139.4 139.3 139.2 139.2 139.2 139.2 139.2 139.2 139.3 139.2 139.1 139.1 139.1 139.1 139.0 139.0 139.1 139.0 138.9 138.7 138.6 138.4 138.2 137.9 137.6 137.7 138.0 138.4 138.8 139.0 139.3 139.5 139.7 139.9 139.7 139.5 139.2 139.0 138.9 139.1 139.3 139.4 139.2 138.9 138.7 138.6 138.9 139.2 139.4 139.3 139.2 139.1 139.2 139.3 139.3 139.4 139.5 139.6 139.6 139.7 139.7 139.6 139.4 139.2 139.3 139.5 139.7 139.9 140.0 139.9 139.9 139.9
139.4 139.5 139.4 139.4 139.3 139.3 139.2 139.2 139.2 139.2 139.2 139.3 139.3 139.1 139.1 139.1 139.1 139.1 139.1 139.2 139.0 138.8 138.7 138.5 138.4 138.2 137.9 137.8 137.9 138.3 138.5 138.8 139.0 139.2 139.5 139.7 139.9 139.8 139.4 139.0 138.7 138.7 139.0 139.2 139.2 139.0 138.7 138.5 138.6 138.8 139.1 139.3 139.3 139.3 139.3 139.3 139.3 139.4 139.4 139.5 139.6 139.6 139.6 139.6 139.6 139.4 139.3 139.2 139.4 139.7 139.9 139.9 139.9 139.9 139.9
139.5 139.5 139.5 139.4 139.4 139.3 139.3 139.2 139.2 139.2 139.2 139.2 139.2 139.1 139.0 139.0 139.0 139.2 139.2 139.2 139.0 138.8 138.7 138.5 138.4 138.3 138.1 138.0 138.1 138.4 138.6 138.8 139.1 139.3 139.5 139.8 140.0 139.8 139.3 138.9 138.5 138.7 138.9 138.9 138.9 138.8 138.5 138.5 138.5 138.7 138.9 139.1 139.3 139.4 139.4 139.4 139.4 139.5 139.5 139.5 139.6 139.6 139.6 139.6 139.5 139.5 139.4 139.3 139.4 139.7 139.8 139.9 139.9 139.9 139.9
139.6 139.6 139.5 139.5 139.4 139.4 139.3 139.2 139.2 139.2 139.2 139.2 139.1 139.1 139.0 138.9 139.0 139.1 139.1 139.1 139.0 138.8 138.7 138.5 138.4 138.4 138.3 138.3 138.4 138.5 138.7 138.9 139.1 139.3 139.6 139.9 140.0 139.9 139.3 138.8 138.4 138.5 138.6 138.6 138.6 138.6 138.4 138.5 138.5 138.7 138.9 139.1 139.3 139.4 139.5 139.5 139.5 139.5 139.5 139.6 139.6 139.6 139.6 139.6 139.6 139.6 139.5 139.4 139.5 139.6 139.7 139.8 139.8 139.8 139.9
139.8 139.7 139.6 139.5 139.5 139.4 139.4 139.3 139.2 139.2 139.1 139.1 139.1 139.0 139.0 138.9 139.0 139.1 139.1 139.0 139.0 138.9 138.7 138.6 138.5 138.4 138.4 138.5 138.5 138.7 138.9 139.1 139.2 139.4 139.6 140.0 140.0 140.0 139.4 138.8 138.3 138.4 138.4 138.4 138.4 138.4 138.4 138.4 138.5 138.6 138.8 139.1 139.3 139.5 139.7 139.7 139.6 139.6 139.6 139.6 139.6 139.6 139.6 139.6 139.6 139.6 139.6 139.5 139.6 139.6 139.6 139.7 139.7 139.8 139.8
140.0 139.9 139.8 139.6 139.6 139.5 139.4 139.4 139.3 139.2 139.1 139.1 139.0 139.0 139.0 139.0 139.0 139.0 139.0 139.0 138.9 138.8 138.8 138.7 138.6 138.5 138.5 138.5 138.6 138.7 138.9 139.1 139.3 139.5 139.7 140.0 140.1 140.1 139.7 139.2 138.7 138.4 138.4 138.5 138.5 138.5 138.4 138.5 138.5 138.6 138.8 139.1 139.3 139.6 139.9 139.9 139.7 139.7 139.8 139.7 139.7 139.6 139.6 139.6 139.6 139.6 139.6 139.6 139.6 139.6 139.6 139.7 139.7 139.8 139.8
140.2 140.0 139.8 139.7 139.6 139.6 139.5 139.4 139.3 139.2 139.1 139.1 139.0 139.0 139.0 139.0 139.0 139.0 139.0 139.0 138.9 138.9 138.9 138.8 138.7 138.6 138.6 138.6 138.6 138.7 138.9 139.1 139.3 139.5 139.7 140.0 140.1 140.1 139.8 139.5 139.2 138.8 138.5 138.5 138.6 138.6 138.5 138.5 138.6 138.7 138.9 139.1 139.3 139.6 139.8 139.8 139.7 139.8 139.8 139.8 139.7 139.7 139.6 139.6 139.6 139.6 139.6 139.6 139.6 139.6 139.6 139.7 139.7 139.8 139.8
140.4 140.2 140.0 139.8 139.7 139.6 139.5 139.4 139.3 139.2 139.1 139.0 139.0 139.0 139.1 139.1 139.1 139.1 139.1 139.0 139.0 139.0 138.9 138.9 138.8 138.8 138.7 138.7 138.7 138.7 138.9 139.1 139.3 139.4 139.7 140.0 140.1 140.1 139.7 139.5 139.2 139.1 138.8 138.6 138.6 138.5 138.5 138.5 138.6 138.8 139.0 139.3 139.4 139.5 139.6 139.6 139.7 139.8 139.8 139.8 139.8 139.7 139.7 139.7 139.7 139.7 139.7 139.6 139.7 139.7 139.7 139.7 139.7 139.8 139.8
140.5 140.4 140.2 140.0 139.8 139.7 139.5 139.4 139.3 139.1 139.1 139.0 139.0 139.1 139.1 139.2 139.2 139.2 139.2 139.1 139.0 139.0 139.0 138.9 138.9 138.9 138.8 138.8 138.8 138.8 138.9 139.0 139.3 139.5 139.8 140.0 140.1 140.0 139.8 139.5 139.3 139.0 138.9 138.7 138.6 138.5 138.5 138.6 138.8 138.9 139.2 139.4 139.5 139.6 139.5 139.6 139.7 139.8 139.8 139.8 139.8 139.7 139.7 139.7 139.7 139.7 139.7 139.7 139.7 139.7 139.7 139.7 139.8 139.8 139.8
